/home/ahmed/data/log/log.data
30 34421
31 36834
32 33617
33 30426
34 27880
35 25313
36 23091
37 21009
38 19037
39 17406
40 15925
41 14422
42 13195
43 12076
44 10837
45 9940
46 9048
47 8298
48 7522
49 6826
50 6215
51 5759
52 5241
53 4781
54 4278
55 4031
56 3618
57 3386
58 3043
59 2823
60 2593
61 2391
62 2210
63 2063
64 1768
65 1721
66 1562
67 1419
68 1331
69 1229
70 1156
71 997
72 956
73 969
74 884
75 847
76 751
77 725
78 668
79 630
80 596
81 567
82 492
83 502
84 488
85 398
86 424
87 390
88 404
89 369
90 335
91 349
92 315
93 307
94 283
95 281
96 245
97 252
98 214
99 222
100 211
101 199
102 187
103 187
104 181
105 159
106 160
107 169
108 154
109 137
110 138
111 147
112 127
113 115
114 108
115 114
116 109
117 100
118 125
119 107
120 104
121 95
122 87
123 77
124 86
125 86
126 96
127 75
128 79
129 71
130 59
131 63
132 50
133 66
134 72
135 65
136 54
137 65
138 59
139 55
140 62
141 56
142 56
143 43
144 49
145 49
146 60
147 47
148 38
149 47
150 55
151 50
152 52
153 48
154 60
155 29
156 36
157 40
158 43
159 42
160 45
161 40
162 38
163 35
164 30
165 27
166 42
167 31
168 44
169 28
170 30
171 37
172 27
173 26
174 30
175 37
176 30
177 23
178 26
179 29
180 28
181 26
182 24
183 30
184 21
185 28
186 21
187 35
188 31
189 28
190 15
191 29
192 21
193 27
194 27
195 23
196 22
197 22
198 17
199 23
200 18
201 23
202 16
203 24
204 15
205 24
206 18
207 22
208 14
209 21
210 24
211 16
212 15
213 21
214 21
215 16
216 21
217 19
218 20
219 28
220 28
221 20
222 24
223 21
224 15
225 15
226 23
227 14
228 24
229 23
230 29
231 22
232 26
233 22
234 29
235 20
236 29
237 34
238 31
239 31
240 32
241 35
242 40
243 43
244 39
245 48
246 57
247 58
248 76
249 87
250 105
251 96
252 116
253 141
254 118
255 270
256 9
257 7
258 5
259 6
260 10
261 5
262 2
263 6
264 5
265 4
266 4
267 6
268 3
269 6
270 7
271 5
272 6
273 2
274 2
275 5
276 5
277 8
278 6
279 7
280 3
281 5
282 6
283 1
284 4
285 4
286 6
287 4
289 3
290 3
291 4
292 2
293 3
294 5
295 2
296 3
297 6
298 4
299 3
300 5
301 6
302 3
303 3
304 2
305 6
306 4
307 6
308 4
309 5
310 5
311 3
312 4
313 2
314 5
315 3
316 4
317 3
318 3
319 5
320 8
321 4
322 4
323 6
324 6
325 3
326 5
327 2
328 1
329 3
330 5
331 2
332 3
333 2
334 2
335 2
336 4
337 3
338 6
339 3
340 1
341 6
342 3
343 2
344 3
345 2
346 2
347 4
348 4
349 3
350 2
351 5
352 3
353 5
354 3
355 3
356 4
357 1
358 4
359 3
360 4
361 2
362 5
363 4
364 4
365 3
366 2
367 5
368 2
369 3
370 3
371 4
372 4
373 2
374 4
375 3
376 3
377 3
378 1
379 1
380 3
381 1
382 2
383 4
385 2
386 2
388 3
389 1
390 2
391 1
392 1
393 2
394 4
395 2
398 2
399 3
400 1
402 2
403 4
405 1
407 3
408 2
409 1
410 1
411 3
412 3
413 2
414 1
416 2
417 1
420 1
421 4
422 2
423 1
424 1
427 2
429 1
430 1
431 1
432 2
433 3
435 1
436 3
437 2
438 1
440 1
441 2
442 1
444 1
445 1
446 1
447 2
448 1
449 1
450 2
451 2
452 2
453 2
454 2
456 2
457 3
458 3
459 4
460 2
462 1
463 1
464 2
466 1
467 2
468 3
471 1
473 1
474 3
475 2
478 2
480 2
481 2
482 2
484 3
485 3
487 1
488 3
489 1
490 2
491 2
492 3
493 2
494 2
495 1
496 2
498 1
499 1
500 178
501 2
522 1
*******************************************
