K
E:\passjoin\datasets\testdata_geonames.csv\author.data
216
6
dddd
ssss
wwww
fffff
wwwwwwwww
1
1
1
1
1
1
1
1
1
2
3
1
1
1
1
2
1
2
1
1
3
1
1
1
1
1
1
1
1
1
1
2
1
1
6
1
1
2
1
2
1
2
1
11
1
1
2
1
2
1
1
2
1
1
1
2
1
2
1
2
5
3
4
6
2
2
1
2
2
2
15
4
1
12
2
7
11
11
2
2
8
6
2
2
7
4
19
3
2
9
8
6
1
5
2
4
1
7
56
7
3
3
10
12
4
14
2
5
2
3
3
9
18
3
7
3
23
22
26
6
19
17
9
1
41
6
15
30
6
6
15
8
2
9
7
14
3
3
3
3
2
17
9
11
24
60
57
6
6
6
1
9
1
3
14
18
2
1
3
4
2
4
3
4
1
33
23
4
13
9
1
8
21
10
3
8
4
5
42
16
15
4
29
27
110
4
124
30
4
9
21
24
44
93
3
4
5
17
9
3
5
3
7
12
4
20
3
34
17
19
15
7
38
11
8
3
7
65
31
105
33
21
41
41
13
10
2
14
27
32
30
10
10
7
3
1
1
1
1
1
1
3
43
68
1
24
48
1
30
1
1
1
3
1
1
1
1
1
2
1
6
1
2
1
4
2
3
1
1
1
1
1
2
1
1
58
40
22
1
2
1
9
1
2
90
1
9
1
37
1
3
1
1
1
1
1
1
3
13
1
12
1
6
1
1
9
72
61
9
4
3
10
20
1
3
6
20
6
19
6
5
6
54
1
4
3
3
7
14
10
5
10
1
19
4
2
6
3
24
3
91
1
1
43
65
1
1
14
1
3
36
77
6
30
10
34
3
2
49
3
1
6
1
1
3
1
6
1
1
1
3
1
2
41
1
3
3
1
1
1
1
1
2
6
1
3
1
2
2
3
18
3
1
1
9
1
1
5
2
3
2
1
2
12
1
2
2
1
3
1
26
47
27
71
2
1
71
55
7
5
1
7
34
11
14
4
28
15
14
3
226
5
194
1
1
1
74
9
226
19
32
29
21
8
174
9
1
4
1
3
1
5
36
12
2
1
22
8
7
13
48
16
3
13
1
67
56
3
15
8
9
3
2
36
6
3
1
18
1
1
1
6
21
165
11
309
63
3
1
63
12
87
2
8
84
8
30
4
13
4
7
7
2
14
119
6
6
39
20
52
26
5
9
58
31
28
71
36
32
38
22
2
6
3
1
12
8
1
3
6
6
1
5
3
3
6
5
6
2
6
14
115
44
6
24
77
6
63
42
28
45
43
169
24
15
2
11
85
73
18
54
547
146
4
113
3
12
238
55
12
470
3
15
10
82
29
10
10
29
217
3
7
22
73
10
19
45
9
13
138
65
7
56
26
4
132
5
10
8
12
50
37
61
21
14
41
8
26
5
3
2
5
7
10
35
59
6
5
19
6
6
52
3
35
33
28
10
23
26
8
20
28
41
42
23
19
3
2
13
17
8
8
3
9
7
40
30
33
8
46
59
68
43
31
84
4
32
11
37
18
23
18
67
7
24
45
13
84
83
3
33
10
4
8
22
19
108
6
5
10
16
13
6
24
90
137
128
32
207
17
10
144
2
61
7
88
41
21
14
49
14
58
58
101
10
329
1
41
652
38
9
18
63
74
71
9
5
33
26
34
44
80
30
64
154
11
6
19
12
15
6
9
37
4
11
12
2
1
5
67
26
34
62
186
10
6
4
3
18
31
4
72
2
4
6
7
17
4
19
32
24
51
138
10
335
5
50
44
26
34
18
255
2
53
110
24
98
74
30
129
46
46
9
47
75
45
4
8
5
24
62
11
466
30
53
50
6
164
263
33
176
11
46
9
139
35
17
29
84
36
5
3
10
9
9
2
1
92
2
4
7
2
10
17
14
80
10
424
13
26
32
4
3
5
28
9
34
54
25
63
71
47
31
137
70
29
17
8
4
59
34
102
23
27
111
1
11
62
172
45
14
250
377
36
47
42
7
199
282
88
4
92
93
42
33
520
229
16
17
35
4
1
20
7
44
124
237
35
94
57
87
3
12
71
1
25
8
40
12
10
7
270
71
8
9
7
135
78
42
57
2
20
41
48
8
77
13
75
378
97
64
173
233
176
25
6
14
71
28
93
79
1
20
51
22
188
16
26
27
112
46
9
4
5
12
64
146
50
21
124
14
11
174
56
14
17
62
95
35
66
69
100
13
93
100
33
18
22
30
333
24
92
868
41
19
185
36
42
114
48
133
27
25
56
161
27
30
48
42
158
40
9
25
32
209
94
7
16
38
82
29
201
91
130
303
62
5
30
67
27
6
11
46
46
58
47
336
15
24
69
88
315
11
60
34
19
29
38
43
32
47
169
115
28
11
27
3
123
92
31
21
30
15
26
42
67
2
35
33
39
7
52
137
32
368
143
48
8
33
120
53
32
100
16
20
33
215
80
33
25
28
13
40
11
40
165
402
213
564
131
35
72
39
255
56
37
51
193
211
180
183
49
82
4
173
78
99
252
489
1000
269
460
257
39
90
305
89
188
118
310
33
58
24
1825
114
184
141
61
138
3
249
143
139
258
134
363
336
175
1235
319
150
176
70
4
87
428
85
739
157
28
1273
264
79
150
122
18
39
40
1
514
27
217
266
303
355
15
17
6
33
377
134
328
23
47
221
265
313
282
9
7
82
29
14
16
183
26
159
628
724
390
57
322
186
561
68
521
46
579
80
140
6
39
17
20
28
23
11
16
28
5
13
25
4
2
567
354
60
41
35
7
23
41
187
2
240
98
10
19
97
48
35
26
45
12
24
10
13
118
13
29
30
122
82
27
83
16
71
5
22
3
186
22
234
21
103
146
37
86
203
116
23
105
66
205
322
598
54
56
20
109
95
102
1
66
155
73
165
222
117
401
490
100
367
215
339
461
31
408
45
274
160
465
252
61
393
373
48
259
392
85
242
187
858
1307
13
201
32
25
260
31
81
133
120
23
85
82
129
124
40
11
604
17
274
110
86
588
17
59
111
64
55
145
350
1727
256
28
132
72
45
597
119
52
646
555
154
38
75
18
56
1468
644
6
518
860
6
106
111
185
46
18
56
7
10
20
18
116
166
200
623
13
123
25
589
83
150
894
1637
1209
1721
293
558
198
35
54
10
574
261
52
179
31
22
155
139
51
13
8
643
511
28
36
5
31
10
468
96
2
11
4
90
246
83
223
1183
8
50
14
42
143
227
407
457
202
203
2
300
218
179
161
16
19
8
414
11
73
403
1320
139
50
3
177
24
354
209
581
1766
156
210
307
76
15
75
78
287
266
47
123
427
151
501
5
112
7
198
538
627
180
342
1176
524
327
77
378
34
307
130
874
32
216
88
57
127
195
38
34
115
122
57
1118
3646
270
19
224
488
361
172
183
522
59
24
34
313
6
331
60
45
605
234
618
143
821
13
1079
176
386
53
224
3
270
166
92
66
500
188
197
267
655
130
500
430
1
98
269
39
144
90
244
409
279
181
1103
1156
61
71
77
320
746
2231
500
395
31
243
159
1647
593
157
166
103
2
36
29
17
684
1712
21
23
132
384
409
33
29
20
25
183
50
374
36
108
164
101
255
853
226
164
195
81
577
151
124
106
76
74
201
98
76
122
810
162
235
262
30
77
139
123
122
26
74
152
2526
277
174
146
478
597
234
194
668
1160
114
3
73
77
151
255
897
529
47
129
158
25
89
282
37
31
211
141
29
1127
20
64
21
204
202
14
20
17
126
253
122
69
93
76
27
241
85
1496
141
753
484
550
509
4087
14
37
24
9
335
1043
18
1546
68
32
117
111
483
57
166
111
221
183
311
385
455
568
446
371
256
621
91
201
271
915
341
572
265
145
1231
342
545
56
371
205
491
877
220
35
284
276
200
64
201
98
271
484
396
273
29
44
184
2323
101
1506
715
435
929
998
749
33
892
773
23
495
12
43
22
353
240
788
133
26
2563
1329
211
92
789
18
447
389
27
572
623
1167
349
656
442
735
180
643
1693
119
89
254
192
942
1
9
41
29
241
312
438
446
630
189
16
53
13
26
1460
3
1471
134
49
435
273
330
43
51
89
430
124
83
249
128
117
151
838
100
262
199
298
145
14
48
412
9
490
246
174
244
139
459
111
1177
155
88
326
80
138
117
9
323
372
1
364
1173
140
721
217
281
333
2808
1590
532
152
53
67
62
180
6
144
417
92
236
354
462
700
167
206
219
542
95
306
350
143
38
66
338
180
82
811
1090
58
257
58
93
672
283
1205
1226
476
73
32
282
1361
334
1346
392
534
9
345
996
179
857
438
449
65
1087
375
254
1530
779
45
171
124
243
70
147
192
161
90
65
15
378
72
1862
8
245
43
42
21
138
2495
126
447
316
275
33
10
631
357
1901
821
111
461
265
555
1165
4
315
164
88
259
82
21
34
1037
402
32
13
258
779
195
242
253
124
324
187
160
191
326
88
17
26
115
591
551
19
332
484
1251
449
955
232
1300
1343
274
45
67
25
56
329
257
149
47
68
298
492
104
116
131
263
236
313
15
605
419
414
120
537
79
257
606
297
36
429
514
107
13
29
3
97
212
30
40
119
680
523
200
274
229
1071
159
439
572
54
128
319
563
417
967
288
225
4
330
179
279
911
282
418
125
1068
1078
701
181
107
2
141
29
164
439
122
2799
2585
523
1044
315
676
1545
412
693
675
922
478
160
135
108
520
270
151
1
430
593
416
587
43
88
60
164
28
10
383
1843
2306
398
281
1922
34
469
1266
39
401
403
196
120
246
910
4042
1656
268
1160
265
24
530
63
25
17
40
363
9
1267
497
1823
1292
523
2259
18
1000
509
1891
381
352
785
1280
655
332
50
34
14
101
83
662
3
42
440
73
52
30
175
440
1354
690
1635
14
857
1791
221
240
1634
1408
495
2832
5837
203
99
265
475
3354
3229
402
1030
1753
3654
786
3900
2258
555
1193
42
687
509
414
458
623
348
971
2758
7024
5538
3476
1996
134
8379
171
1492
58
773
501
13
21
96
1057
1121
1781
279
15
205
8
1445
182
1470
26
250
78
14
669
42
40
215
343
425
622
1467
3
319
833
182
792
1328
779
2397
767
2565
6237
1010
2170
1665
1197
1108
80
119
11
807
1335
1384
444
716
730
1859
446
623
209
1638
650
1901
508
408
940
10
5340
1748
14
1087
345
1055
4015
4674
2375
28
62
14
38
92
113
84
340
687
2724
995
1306
780
1580
570
1049
101
203
79
111
31
798
50
25
154
16
1661
339
27
916
296
725
120
62
490
806
357
1002
1692
1632
2054
2194
1022
3012
413
170
2725
1249
1901
2643
6889
19
2225
2183
752
3855
9480
923
3436
559
415
1213
22
1743
3002
1092
1001
805
1128
162
12457
55
882
2691
1006
4482
626
4054
1156
15
192
2888
490
15
15
109
659
25
83
34
40
92
122
177
45
31
17
9
3
21
199
80
129
20
163
27
287
31
107
432
77
54
880
23
475
3
21
11
30
161
583
43
37
174
70
9
212
32
20
30
832
48
304
53
56
1902
311
185
125
241
130
84
131
114
1
169
110
162
261
262
81
85
106
71
60
1155
3051
456
1720
4049
168
310
34
398
361
6503
14
131
965
117
110
92
319
770
934
681
446
346
62
73
152
1521
381
535
232
41
246
223
197
290
1544
1779
735
390
291
1450
308
551
482
446
391
1133
13585
384
1591
183
819
2692
6353
462
419
334
198
125
336
14
169
902
45
222
797
155
284
367
67
155
187
795
1382
873
2214
284
388
6538
615
103
274
72
67
4092
227
327
282
711
252
5195
187
48
110
27
6
48
315
358
1946
7317
493
540
2420
1543
1377
760
98
244
371
457
209
558
3390
1053
1550
937
212
861
169
306
2
604
1290
2
37
270
23
21
99
500
59
277
110
101
3989
1096
50
14
14
79
21
181
44
249
317
296
311
66
1047
1170
485
829
1008
28
110
4
224
593
510
270
334
620
210
417
90
1242
249
214
952
660
1304
1568
178
2018
4177
966
2753
1995
217
631
2261
180
2849
2285
1182
1950
12
551
636
506
1683
5673
42
674
325
598
283
390
814
27
747
1961
524
194
1434
1284
223
3900
4318
390
1883
285
568
17
381
1001
2161
51
199
3821
256
361
46
805
943
856
266
1812
632
175
2442
648
1405
7419
572
498
123
205
399
350
308
219
254
1041
75
1734
1709
261
4734
906
463
1042
347
2503
46
345
241
292
124
599
270
166
453
309
453
1
518
1539
298
708
6506
1330
5210
7867
358
1882
4
423
921
1598
235
26
8396
7389
3593
775
549
1146
2876
31
236
758
460
513
421
3069
587
460
4305
331
1912
31
2355
144
1000
882
649
203
683
314
15
31
990
291
304
32
53
58
98
43
345
1450
701
752
2137
971
971
3042
703
157
2006
1135
918
899
2794
1291
1049
224
1038
114
981
553
458
525
4
823
1179
9
58
1488
28
410
245
403
69
4
346
48
358
290
603
664
933
553
608
8
65
182
1272
363
643
274
1478
1174
628
3293
677
2004
5
398
256
198
177
283
2
295
356
1223
853
462
909
6674
33
706
256
343
887
52
177
1057
109
210
147
135
550
10
1133
176
26
37
9
72
2
1018
812
148
979
876
34
903
99
291
442
83
2302
573
10243
37
389
171
88
198
47
209
238
55
55
121
91
6536
156
124
160
10
41
97
49
130
234
78
1552
50
7
20
43
68
22
46
1429
16
4866
310
91
762
113
68
175
239
264
313
366
309
57
790
879
662
165
245
280
615
241
367
32
1
146
249
162
252
659
1477
166
717
1163
4632
1354
1956
752
691
312
419
2594
380
715
773
68
75
991
265
234
195
552
1014
89
11199
1233
713
1122
438
721
205
215
330
2333
3
1183
489
1387
1449
1355
561
207
498
827
199
1005
97
42
458
315
1148
809
232
54
1436
2746
243
534
103
566
89
661
866
1842
287
532
1487
143
454
16
1494
1369
1720
308
141
188
355
120
338
71
517
5867
760
665
176
1305
182
43
2276
1017
378
5656
481
395
1069
4058
564
550
5553
758
1895
2095
154
673
1054
528
401
16
2039
74
1964
562
292
385
346
2025
531
190
244
458
57
196
424
653
155
882
2778
297
13
488
158
1373
2080
713
3530
126
82
2490
404
5
885
471
25
154
222
835
339
970
178
564
212
21
3
246
398
186
328
125
358
111
4
69
90
78
476
47
179
59
183
3584
54
7142
11
19
124
5
38
3901
2766
3088
1184
244
85
3243
2634
21
2937
985
8112
5986
1653
134
1097
43
89
4813
20
1574
503
428
1080
643
2198
447
484
634
600
447
1009
896
1627
2377
330
362
1324
602
484
1083
273
217
2061
624
444
1799
1910
1464
755
1573
58
3409
1
118
675
273
1081
945
722
3155
391
219
498
140
597
640
3841
4237
1046
700
763
2074
5236
24
1675
61
4451
1023
2054
1939
369
3670
8184
1355
160
7335
476
3779
936
1712
12
3510
89
855
166
2868
2093
132
54
169
374
364
600
3
417
777
2399
476
210
139
2466
445
284
126
1132
345
2620
18
1023
32
52
1942
960
1546
5
1409
3766
1946
932
2413
1297
1179
107
584
356
1417
1877
251
2345
128
60
1260
2027
1040
1055
1174
262
1588
90
808
42
429
1585
1775
641
284
158
295
218
475
614
3293
823
1392
3894
2103
2612
92
5141
448
4
284
2508
258
3194
18
387
28
1098
747
986
202
131
508
1429
593
3273
1303
787
502
191
3522
254
2789
2848
224
61
244
202
22
8
8
48
606
37
377
320
837
124
317
280
1320
104
885
2188
108
798
2750
1733
4259
524
2308
164
7
353
592
157
662
1669
78
65
107
251
451
228
447
1625
2531
4403
275
616
257
107
784
237
1
595
120
337
352
286
478
102
279
864
67
186
210
260
125
526
104
250
302
373
147
168
1143
1516
582
735
550
4615
723
677
2465
297
3531
660
472
13
335
1021
189
124
108
163
181
526
758
116
815
100
198
286
1650
213
1023
1000
419
1067
18
122
81
546
1078
776
597
261
85
825
471
159
553
501
112
645
161
24
403
437
155
93
1726
4584
950
1109
606
2481
384
816
390
1290
827
965
638
828
73
173
1394
140
755
1313
531
957
704
1750
1701
295
288
401
436
109
685
1248
171
572
59
454
1258
360
101
759
747
60
562
575
2145
786
179
302
862
472
7384
1145
5140
382
1333
4537
802
422
58
46
108
117
201
1184
3
72
459
536
330
2238
1607
3091
474
1
2145
54
1946
2773
3903
1625
124
3863
605
2909
2777
3258
171
336
3234
4544
82
48
74
947
3715
3656
25
421
34
1659
761
490
415
79
11
1442
873
1758
1524
1023
1140
57
2499
729
1256
276
14
16
62
130
183
33
1722
28
3694
25
1004
1882
243
2488
16
2280
742
851
189
633
814
2106
25
21
13
57
3
44
1142
36
354
509
1672
311
958
480
269
1
823
356
1482
1022
7
978
637
613
61
115
27
212
206
716
3189
641
598
393
1447
3170
1421
45
828
460
560
3821
4130
1858
760
4118
784
153
2286
709
198
1718
357
418
1137
834
160
291
3411
59
5693
554
2572
2113
4
1004
387
2237
480
50
115
459
2533
1571
1014
575
881
1439
1407
304
655
551
810
243
518
2533
67
398
281
2990
4596
358
165
315
1047
218
1301
3554
344
3931
995
233
178
1421
2286
491
538
1698
11
394
462
497
228
539
626
1044
573
48
1
409
1404
466
2611
1717
936
118
5162
467
44
2381
4740
843
211
932
5595
19390
420
11323
710
3677
402
2055
30
4173
917
1
6056
3868
4003
280
2120
205
579
10873
317
18
60
138
28
22
321
189
2316
30
5122
794
33234
77
2371
6358
22453
586
1726
15
989
69
8262
1728
386
657
547
3855
10891
2014
3130
9732
1738
163
3557
7395
533
1914
2133
14186
1660
263
1275
13181
131
3897
5822
1074
44121
1222
3077
530
1037
15349
158
68
1205
14147
2499
14946
8157
4085
652
2536
81
635
11
7056
322
251
1761
2652
3852
27466
611
29
971
664
625
8636
377
1511
259
7991
9546
25077
10646
1975
1997
21142
508
2590
897
1688
24563
9184
86
14077
3500
6034
30133
1
4238
15968
1695
1301
1431
15094
568
12549
67
3738
9714
38967
1004
3800
423
3425
343
12292
17617
922
32914
26
357
1616
3387
5108
1108
351
1467
2487
1250
230
2468
142
2660
2471
1389
49915
21835
791
943
10355
14846
1881
98
2424
715
214
534
3052
2408
207
8558
369
63
111
805
103
3554
5698
14927
2384
3
4039
1937
185
7846
406
951
1048
1437
569
6085
6
2605
564
7480
961
13242
3871
187
5044
234
17628
2261
31
4149
1408
1964
120
2867
507
3829
47
3368
88
198
12
241
10
72
2407
5095
647
1963
2834
79
34
1738
1777
7801
459
523
393
63
13303
725
188
15
1738
517
2513
5402
80
317
5597
4429
4691
1186
9062
2496
715
3
294
7113
2257
545
1819
18
546
904
381
12
1283
14
1492
2315
5831
1076
1047
2238
6238
1244
2434
2476
1715
11218
1799
4465
10198
168
4958
12905
9822
377
122
116
15
4439
7225
935
1242
1322
1569
8275
2213
1357
13777
321
5647
1
959
15868
682
603
328
305
218
464
1614
151
10665
736
947
2371
3423
1114
3421
1608
20108
1507
19678
190
2094
2186
633
621
2982
1837
467
326
7760
61915
2915
10237
39229
534
1568
18613
2221
1972
27
135
605
14350
1184
5732
10
545
3552
28
566
40
1855
5610
153
214
7807
7209
58
17
2088
232
468
1128
689
126
2351
520
441
633
346
267
3735
2724
785
212
1025
3127
7554
1853
2232
1821
1490
37580
293
79
1895
815
1173
4051
7457
22899
448
1985
6489
725
2543
2484
1848
1509
3851
2375
1475
17314
445
4797
1467
5
4064
504
17010
560
725
1271
929
9683
1558
3622
4300
751
3920
4084
365
1787
10350
926
226
437
649
2374
1758
297
1145
945
60639
2024
1275
472
2437
1194
43
14682
588
28819
48
1983
1970
1376
408
4069
3404
5720
1639
43
12460
3024
188
1976
1220
1792
1232
3805
924
4107
650
1802
3706
2657
12
1757
910
3934
514
427
4193
1958
1036
1300
6689
3426
318
59
1081
2177
1304
3479
272
6
730
497
1454
269
153
17256
2829
18181
5297
93
526
6
3939
625
1266
855
629
51
3599
5305
260
28924
1262
941
9554
1166
51
8055
643
13085
7764
1700
2
144
1253
9833
17
1479
6644
6825
1550
1622
552
5880
5067
1134
1041
16639
2595
4453
3061
1168
97
1
59
395
644
371
298
474
2134
1566
662
1493
161
557
2
180
26
321
17558
394
42
287
14444
650
1283
6949
293
288
403
7297
2202
1067
1807
16049
1776
5361
26
251
1471
1596
205
6343
108
738
5338
1478
501
15674
382
1935
137
18548
315
3554
378
6
40
383
658
297
11889
1813
6755
2701
3324
6015
1550
901
2289
3993
4452
10
9843
1069
235
1289
6301
1293
1428
769
1121
1208
428
6831
2293
14620
598
4203
762
3555
423
48708
4450
5647
13223
9387
19138
17910
533
8512
18506
9701
23725
49
9102
84
1735
3713
1739
1938
1444
13393
323
5947
54916
3
3076
5879
6567
12628
2147
27948
8347
9077
2897
2654
12796
109
714
2566
3692
101
1423
381
1400
541
19417
13714
13463
24
390
9548
18781
23861
8557
1234
9871
363
673
13363
10
18456
13340
12155
212
11546
19692
8028
3457
1
1625
3689
2530
596
7828
2665
146
1772
190
206
3974
3209
10358
16094
3263
5017
752
6419
13618
1018
8
2183
8271
1654
1064
2685
486
23226
8602
1263
4198
32723
2810
215
699
46
12888
3815
456
23679
13788
1346
1634
123
21
248
7
259
3658
2853
3736
8
166
711
2303
1863
133
271
960
8037
24750
17453
6115
7431
366
24949
197
10519
5757
6627
53
28991
8
6
5796
4093
7492
2849
5848
533
929
4121
47
1642
29896
2771
2928
38960
1354
1233
13
143
4903
102
176
2503
716
1301
14717
5795
3714
1963
1902
1122
792
185
41148
4886
5702
1010
312
770
1611
2725
1306
239
275
1922
54
9165
2424
2842
1618
10313
493
6502
22
243
477
158
38
260
653
707
45
4132
4832
3929
6090
1779
376
3557
75
4100
6976
1134
1118
287
1703
100
16843
139
604
91
2633
124
4858
23013
1138
4
73
1078
9959
161
102
658
810
481
17841
4835
1
172
1208
1367
4434
2541
87
5325
8989
10518
707
3459
2136
3594
520
1241
2336
55
3669
345
233
1625
2649
1654
157
6942
31
7326
7440
62
7969
1450
1550
74
1497
1195
1469
820
5766
4023
4703
798
8126
9989
367
1615
176
139
10553
124
5592
11295
17155
3429
651
3394
1419
1131
3695
2571
392
12
2127
1704
4413
1
1574
54
37399
266
943
1909
6705
26
754
9336
1514
3157
696
6183
7540
8496
1495
10153
1276
1328
11156
1354
1340
17
1746
8692
1636
2793
1719
3375
6589
2944
13685
2495
26
347
2598
6907
4207
372
32661
25
7520
11173
427
7175
8123
1113
7229
315
8004
1089
431
1015
6541
3067
2643
846
9720
4560
15811
32
5188
444
8052
2843
6632
1006
5068
439
1378
2283
3947
480
879
164
25
302
869
1
14104
6282
8978
1873
1009
23
4216
2442
99
296
18515
156
55164
836
26306
2142
4767
12614
18112
23
326
642
6249
3651
1434
10716
182
21586
334
14352
66
1
2054
191
8636
411
5765
959
1003
417
102
25
2114
1245
280
8303
6642
1303
15866
715
93
1418
14439
2420
21452
2174
214
3570
5275
1975
568
269
152
928
10325
1922
13391
1868
250
209
989
5116
24320
158
91
315
10152
1
1892
2577
1510
9298
31
604
1330
1260
693
447
1061
2072
1128
2632
3726
2085
397
1195
14882
2214
568
2036
1456
1353
13977
963
3484
880
20795
26834
1846
4214
4709
4005
9
3228
435
508
5118
2447
1407
1904
1205
2382
290
421
3688
5322
3270
72
173
293
164
144
564
930
2724
52014
2189
774
10276
1895
1
257
3477
326
30
1864
282
1296
18
825
50
24395
648
5316
258
66
6475
1683
5458
2203
11124
2016
12546
59
2573
771
5052
2291
13
8907
169
5365
510
23
10320
50
7729
11783
15397
2951
7872
11805
367
1147
3722
5849
118
3607
491
6991
6058
339
21
9033
131
107
179
3458
134
2
1276
273
3623
2626
3714
1923
1090
719
3229
5616
3503
6441
1038
1162
7403
14585
558
1556
741
3608
5
24090
30908
2682
2799
2692
33
780
26898
5
1212
649
669
1355
10337
1101
5
7344
1751
109
1051
2385
281
292
15898
1764
839
1000
7929
379
2859
646
49
60
2722
3777
96
728
2142
3574
80
286
3848
304
322
234
18512
76
393
217
2492
2
71
14
65
4538
996
1
4316
219
230
1
1979
228
1599
1674
3343
1
146
5
143
23677
833
4486
15830
3511
218
3859
645
343
746
1702
637
525
1757
174
2219
10516
22
5794
1047
6248
161
27
2225
108
8047
47
839
1368
5250
1174
2549
127
4544
1149
12322
20297
1557
1609
1845
1350
2984
10766
274
2556
3592
2049
907
298
4364
212
6451
22639
2702
8717
2251
1568
2411
25
152
2811
9923
1183
5624
15055
1170
41065
1
3447
3769
7018
999
4536
5923
32
10225
2727
634
29907
3639
7063
5151
5458
3068
3062
809
4740
39
1412
3
10683
34811
4515
231
8006
182
2565
29348
892
11
90
3226
259
366
807
6218
4869
4296
240
722
5059
2311
1737
6567
217
5430
338
785
1640
4850
1045
5649
163
20247
4753
6191
2888
762
1598
3380
6
15115
766
1463
7535
1060
1642
4246
18452
905
13383
2651
381
579
300
13522
1035
6773
271
1153
5113
2511
2002
1122
2945
211
994
4378
1934
75
10918
38673
10682
4
3701
879
411
255
16569
28645
23
3200
14712
19
529
50
43
3516
68
21449
6056
3696
760
10072
427
565
1444
8837
2311
34654
2296
6323
7786
3605
1214
6073
1343
9460
8
4408
10018
1260
3480
1861
2320
4384
516
638
8825
3395
2429
18
1117
1962
800
2551
1
1363
22678
21
930
6527
394
7820
2395
25
12528
3864
2958
3080
8478
505
3823
861
60
455
1199
817
33646
910
4
1426
19021
43795
8792
2199
1091
3814
2403
74
11644
3311
4
126
435
1263
3315
13818
1489
2926
1069
1239
2110
18369
88
185
3657
5
184
28
3857
1401
1515
148
4884
587
1323
1684
521
7588
4692
7206
3749
1975
329
561
565
187
2982
182
4996
46412
1183
28903
22764
2856
5019
5930
795
1094
7217
1876
1824
1104
29130
4563
387
705
4544
41533
2597
2167
6538
559
2118
324
2
9425
347
3810
97
27
2185
4882
7
2076
448
1904
4013
1687
3406
809
11486
5935
30448
1208
3610
1871
15797
4381
63
5573
785
1106
29
4822
35332
737
3950
129
130
10111
1957
22634
925
46552
1119
114
888
2238
3476
3360
1336
90
748
916
88
458
23538
5660
561
86
198
580
324
62099
1937
23
10701
5
43
13417
18640
4020
3176
27
267
1661
2217
1399
806
316
29099
36
4514
642
1739
1635
151
514
849
13687
13564
2093
1241
2712
9
13576
3329
4441
701
1673
397
2426
18100
3852
875
1252
654
4085
8283
5237
118
4498
20119
3259
4113
2728
27624
5838
9652
2172
167
1428
11471
15949
13155
2577
876
2649
7114
8662
1068
4848
3016
4420
209
1311
244
1972
1553
38703
8
48556
507
8337
11685
56358
7966
506
3414
4
3845
6592
503
1693
13060
1010
4897
2307
6345
2265
11441
6520
548
305
28
1
6
2565
13208
1206
26140
284
61805
2040
536
7922
2187
3411
363
2340
78
3438
564
743
4014
244
30531
12
4037
5552
15284
16761
20937
1185
13295
38525
469
864
14678
1
3863
1741
14708
304
11436
33332
1979
4078
102
14874
1298
32749
27733
3045
1963
8040
3483
1172
1474
3772
135
1348
1318
2235
1538
1374
571
72
2405
213
521
6656
2978
846
26158
401
2143
416
1502
413
8
492
51
4639
664
32456
14
725
556
4641
5121
5117
23
2479
10429
1381
22449
15558
10171
2773
1180
3188
4511
4253
3325
10306
2240
6197
786
21101
225
476
461
1688
1165
1004
8184
114
3829
5411
3
1556
200
980
2074
2156
447
8
2
6164
2737
3596
647
1256
5536
8440
21390
83
261
18033
1189
5772
4191
2368
4052
5545
659
741
6639
3739
251
488
16
1375
3938
74
3387
2360
25021
738
1878
1483
2937
837
5902
245
2462
721
6179
124
18
8121
325
9895
5971
12325
3286
112
1917
939
16347
1
10490
1139
665
1860
1591
8
487
123
642
5838
320
7736
6539
5136
1532
72
1161
591
10
365
5455
246
204
451
5277
22
1467
2756
843
103
149
351
844
312
2284
9916
194
6470
207
4365
479
4514
2492
22580
1270
95
24
9690
9533
1965
7158
7029
2944
6225
228
18
10840
1170
2348
10163
13511
7
7425
2989
6549
994
20844
3977
473
22
1918
2267
116
85
84
760
341
5714
15949
824
9
1272
1843
10060
14610
448
3078
2280
210
7159
466
11604
457
215
7894
17945
1080
145
1722
21
436
287
131
320
2895
2292
623
46426
596
814
893
1550
70
2311
342
5334
1297
2715
474
513
997
3006
1
5679
34684
860
4235
12852
218
16216
81
889
361
1183
13
1981
3534
2045
30458
275
6539
209
16761
22
3401
16318
425
9
47
13
18729
488
4847
2139
11
2652
24058
1491
4360
2300
1916
5168
357
21586
450
102
2186
3867
2098
1003
1684
7970
11431
14273
604
168
437
174
3884
6030
166
853
3128
12576
4574
6476
2386
6391
28
3562
8
354
598
308
3587
9051
44982
10177
2947
13116
163
2816
841
38
1800
2599
15
381
258
332
273
2
1550
6198
43004
279
17768
17778
1422
1039
2147
1919
16
2999
24451
55
2267
161
255
2042
498
2604
2680
1440
1099
6743
196
2853
8734
6358
1376
790
4534
521
1447
4017
55
857
558
4418
1295
861
10339
271
14544
728
2606
1934
5136
117
19252
13185
2073
1214
112
1
2539
2454
3377
43
1981
37350
3785
21336
828
60
31
9928
7143
153
5081
295
3427
17781
2407
199
16300
16380
331
6532
3510
96
121
13165
8069
322
2363
857
1433
1774
1017
349
268
2096
726
76
190
9081
1081
7169
2460
4286
177
629
117
4899
10105
457
18
6954
855
2638
9
928
1621
259
12115
6460
16023
1092
2
12180
13009
959
4937
5610
1
2061
2538
90
3485
1578
15
359
16424
1034
16410
2916
487
22
11607
360
9479
4631
2724
7656
338
8437
2968
279
399
22806
27
16099
2463
4126
9232
29624
1687
11945
2420
2528
11051
2136
35
268
1011
8015
6031
4143
1910
4975
5553
902
6404
446
941
11500
16911
7543
2706
3307
555
441
7472
265
601
1319
30691
312
20541
138
11742
15668
625
5
4469
3644
8314
1877
958
7338
9633
35819
968
671
7825
247
403
1395
778
3273
3833
24350
63
442
697
2583
1775
1062
9353
274
4341
291
1379
3182
1523
14
2776
298
163
2293
6465
1519
14540
3644
15705
660
839
5614
2510
3228
1040
2630
1784
1424
4850
9470
4084
9558
525
7546
30
2735
130
1084
36
1765
2085
3508
3898
195
130
920
17242
17517
2272
1860
1428
1952
251
1792
2788
508
15091
374
495
3803
1508
4203
1171
43
1340
129
4598
188
1737
2536
1127
6870
22447
8517
4607
2188
1360
1145
1221
214
1834
3280
4375
2063
4043
3275
1256
7302
1383
2053
6
5847
3993
721
4663
863
89
380
740
1322
174
9117
295
14538
3270
20117
468
5469
16
1508
221
1501
40
5731
61
4876
84
1234
2146
6269
259
11
119
21345
2920
13400
10319
1150
1224
1681
1435
772
64
192
8114
338
4749
198
3135
1077
2523
317
11402
2006
4261
1764
41
5095
11052
2289
49
212
54
3094
96
4600
30
9428
435
266
231
232
3697
1
887
1120
1206
1162
3
525
15245
17547
335
4
116
1962
484
350
33886
592
957
121
10555
208
1102
207
1223
484
58
7455
2321
18678
7673
1368
4777
5410
3553
6362
2913
46
31
3650
2542
16564
13073
2041
630
317
2722
7010
13056
14785
141
13609
4128
2153
1045
2986
3254
111
873
650
8026
25042
1014
7534
318
1092
2605
667
3385
18554
194
987
129
1658
1217
455
2042
11823
10
2802
28648
8336
7620
5297
849
1183
2729
1280
1039
8365
1459
1033
42273
3359
2556
826
786
1089
631
801
2155
1424
1067
679
5346
370
15428
624
3262
30
7427
1342
388
153
4380
3063
3201
6779
9647
12341
8
15823
4108
1840
6035
1107
677
3669
2470
422
626
24975
3200
3822
4456
2422
11910
17104
1795
577
11
2174
49
3463
5040
14062
2956
5371
5908
2616
1937
2250
684
1282
2888
815
6801
8389
18616
445
24325
1623
1168
9332
44091
427
5
2275
281
3863
9548
718
5473
112990
10353
3165
182
297
1235
6354
6007
238
1632
4644
4253
7760
11849
565
32898
10766
3759
74
8
6484
60
273
99
841
63
986
12923
35311
797
7416
1482
950
837
323
9831
18504
3957
2692
46164
2607
471
800
13
587
6884
3941
14
1673
66
1716
2190
6265
32762
2845
2153
36
3331
271
6479
4201
7407
392
8053
2688
14516
2278
809
1886
3435
4841
9479
711
20379
4463
11217
2217
730
352
19779
14726
3160
632
6708
1190
413
19
1254
19806
13150
1257
3178
38980
4323
2213
225
520
3263
1798
1142
768
2742
2672
214
1038
473
6
1334
145
775
853
464
7056
702
36
149
28684
17945
88
31610
2194
20757
8086
9560
644
716
11432
55
149
976
9329
30478
2642
3897
703
7620
49
589
32842
6714
16448
2125
5528
6764
1933
12502
48987
586
154
12574
4034
1811
89
14324
1176
330
2947
7654
1507
393
7834
6211
14207
1217
3891
2179
53
52
3259
3181
1395
6733
56031
9994
2177
1819
568
830
6329
2398
312
140
2364
541
2244
1133
10498
96
5381
12121
5582
473
13894
6166
433
7849
522
1757
982
4114
1562
2174
2
18728
848
2086
1076
767
5464
3549
12978
16652
10160
704
6194
957
3121
2306
15498
187
108
3086
2645
3399
1509
5922
1822
16049
494
7329
3085
2410
2026
4281
467
1321
505
259
1281
2075
6
422
1
2590
21001
1330
8598
17763
39
6
7385
404
683
5989
44637
983
1233
4
1619
2319
135
3167
25353
576
3791
3750
89465
679
12107
7725
80
10852
10246
1031
3
581
26
1450
5748
3448
6690
359
15259
3
1641
1596
119
1760
37510
8427
537
196
800
28157
1262
5650
1167
14761
1085
662
288
325
6554
3543
3388
965
1224
1843
56587
944
990
466
478
5635
127
2345
116
53
5855
1283
3324
15073
2450
842
25752
3510
1
5298
627
1966
3153
1139
578
7166
3789
686
175
815
2191
2161
1002
3015
1036
9450
11775
1738
2013
7927
548
1569
5685
2417
4247
3281
24499
30929
423
23655
8755
16849
900
2115
2203
11402
1857
1412
2506
489
864
308
1386
15080
6344
3045
2698
46
140
7677
3872
3
2614
2498
306
1966
69
508
2549
1904
2061
2638
1579
173
12664
12128
4693
535
6249
3
68
2239
2
6412
3399
211
5976
2292
923
679
647
5770
3240
14791
8411
27237
141
5507
2892
9
41
12222
77
3786
43703
3081
13
1067
4460
5079
1913
14311
8716
5
6
5643
11798
1306
344
708
92
3319
8158
8
3812
5792
27232
9
11020
21817
237
1605
259
18016
10307
1379
37697
8
930
1055
14051
6
9411
20133
2514
5417
7299
5821
726
428
18277
30341
8590
130
9310
1064
5236
16002
58
1411
1635
3486
3981
2873
5042
1689
339
10483
950
11
994
4280
15495
9295
7920
1452
8992
12469
881
3788
2035
832
7147
625
244
4125
182
4456
2163
1273
15669
4055
14747
32420
6289
65067
419
17119
305
818
25856
3301
3984
2127
76119
2062
29
8966
524
773
1765
17311
249
14124
4715
9068
19827
326
62
11108
6998
2418
1720
8385
78
4
14539
136
93
42
367
1445
12878
5238
203
16676
4706
1766
75
15
1224
10411
547
778
5535
2
25073
114
1072
8018
23
8448
247
4774
3769
617
541
5776
20
208
2800
448
1538
1276
61
5092
260
2366
645
513
668
453
695
12
1157
24113
22288
1201
13916
1259
47
131
2856
828
790
2429
18175
1086
8333
45
1553
19800
1068
5579
97
4341
3512
343
6692
10678
6574
16671
6159
681
8449
11424
4618
12962
6720
10193
8470
3677
1656
7966
1333
1223
7193
7941
1769
1941
11835
20824
94
104
11134
452
3767
13263
1756
4125
2152
250
7039
485
3424
2775
903
3128
12551
9682
4019
2164
936
9082
116
37645
937
7088
10283
8557
269
6552
427
23
346
9
14279
5423
962
1860
3764
3879
14040
500
6
615
62
10580
1781
3711
335
51
169
251
4176
700
16
122
9099
267
31795
6
120
2185
653
9982
246
1353
2073
976
11602
1291
6
545
16189
272
1738
7440
16063
4663
8348
1870
4543
3445
209
34470
6704
15278
5171
10
64
17260
5902
11769
2946
1443
11010
78
52754
392
187
1269
16269
1256
4359
2164
49577
1871
2
164
13789
3845
19240
3216
4146
26430
2541
1233
9842
15821
2834
35456
720
3284
65387
1022
28549
5699
17
6161
655
7364
1686
14577
45
21685
10977
5531
6663
347
10004
3941
3169
1376
972
11214
113
30309
3546
72636
3432
122
3205
10584
759
2615
1147
4778
82914
1925
486
8249
5892
7838
653
2191
1456
8461
1722
1174
470
938
4692
1867
1360
5197
1837
638
114
4793
1607
5799
7064
2715
886
3960
563
19389
3697
1810
11722
589
32516
1145
22
44080
6496
2068
220
935
2522
4757
1744
12
1406
10949
7505
23073
2064
9763
2534
5200
91
9348
1459
57127
2659
48
4211
36
836
167
908
11250
25183
3704
3388
3092
3422
2502
155
32
32
1
982
5925
3411
4155
318
3591
4
118
2111
671
2876
47974
989
610
7906
3497
701
27203
139
1038
27282
105
6870
990
161
2754
4620
6875
151
17
9161
4631
122159
1594
27131
5611
2518
9661
4245
489
1593
1866
1604
8724
5607
12873
51044
6376
721
285
9783
1351
43
307
1313
776
246
415
5622
400
414
3358
2596
242
3798
5586
6908
299
329
355
35015
311
8795
1641
31687
2892
733
5066
10395
5277
8450
23544
1444
8674
4124
4493
44201
3526
7
1165
188
1077
38
3398
159
3
1028
24
4129
3142
25571
8668
1713
5938
45
7988
1372
10306
2691
128
6172
3974
2845
276
1158
73393
2504
45
46446
3087
1332
2489
2952
2916
1597
7636
12288
16496
6300
534
8073
12
1510
1450
1415
5459
9125
13
11151
1083
142
1939
11342
6547
603
656
6
2737
2326
7170
636
7254
156
166
6533
3201
3447
6186
4694
411
6
2508
2570
1619
2876
16631
4918
3686
59
23485
8510
4775
3
18
1310
10710
7764
4502
3270
1037
18
3558
3775
6156
2536
2109
9766
36305
97
807
12934
68
3056
1774
2959
1662
10849
1714
754
6177
240
34554
5788
2136
2394
1049
7706
16589
17835
386
275
4803
11967
737
815
766
859
1170
22641
1496
363
4208
20150
14039
4085
94
4508
6526
4838
80
8758
898
52799
1979
16866
255
67311
1162
1017
29
11638
11048
26764
12845
41158
2625
56913
34857
5909
321
374
29427
4104
888
1206
2565
3298
1094
470
747
1593
779
137
4890
3983
1272
621
669
3882
694
696
9618
2111
1791
5897
10
38743
613
59010
42968
1354
12239
405
15448
56661
14243
3632
24249
23762
2950
26464
6247
10
4911
35261
713
16900
3064
814
9888
19
984
2279
22431
782
33875
579
46
16303
1668
2237
164
15612
1029
24568
12009
2765
1364
1250
915
28740
944
40898
1548
3802
845
1377
8687
17
91222
1630
3416
6875
3557
8557
10066
667
2
15460
985
1789
226
1713
5986
3934
3
8559
61016
9418
7697
927
7235
19
41576
238
1211
3179
1084
7171
5765
323
1492
9721
3005
1643
19
3419
998
146
153
1578
1067
11717
8634
1128
4620
476
66533
6237
5039
14311
22496
560
3912
16
1707
296
2729
2148
1892
4
13410
1190
61
27770
826
2882
43449
236
36372
19216
46785
4388
25240
40101
1909
1306
3398
1
10
4963
2935
3
22
1197
2290
2155
14747
30
2043
5397
28615
27344
1378
14397
8275
3823
6275
2046
11960
1571
933
3045
7486
792
821
11917
7627
774
1778
1806
1824
86
1335
10204
5813
184
2830
14073
676
2350
2132
3103
1962
10196
2642
2983
5221
11404
555
1249
2693
15913
528
3172
128
23439
24280
4939
1669
6542
6531
763
7
4125
858
3004
11314
2876
16246
7456
3
518
68
4501
9721
8747
38683
10601
1614
13857
1624
184
6738
1038
7367
169275
1391
39
2611
17265
1548
4083
29568
646
611
2454
3
2837
11104
130
5028
12308
3459
9192
15839
18877
124
1406
4181
224
13043
2387
9629
1344
14056
136
487
3101
69
279
26975
18030
447
159
2112
178
485
1851
1749
20130
24863
8132
2031
13815
171
1566
10392
3427
1033
826
23
313
21180
29391
1488
9421
981
458
26595
7139
314
771
4655
734
68
19080
2289
43
11274
45338
14214
304
3953
21676
8
753
10404
28836
3186
10726
162
394
30871
11577
5708
4653
2947
393
2175
59
6911
15
3250
2684
6190
33455
9374
17418
1252
137
6446
3292
290
30584
3011
2757
3490
539
1562
1
5399
6768
6857
72
28480
749
594
7651
10541
65141
8525
3962
23418
17455
1903
95
1685
13838
2287
410
11461
1158
4
326
5152
8441
1132
2034
5994
158
856
5514
27692
17791
127
5378
1914
45
15032
3282
99558
46
15829
129
1567
1
2607
44624
2702
5428
26164
19020
1037
633
8862
1556
6146
32224
909
4051
4094
10951
3341
825
1405
10487
22241
33
6051
19
4438
10623
3727
1498
1964
21905
10317
112
971
1293
869
118
18456
16789
533
6939
13925
1531
5714
38
57
77922
35459
2106
754
25833
9344
9916
4642
6282
1568
22
551
12753
3426
110
28298
2146
4076
684
257
2864
86139
2
4785
9386
911
1113
24574
761
6522
11
14
3186
1516
35299
5902
2489
4860
102
5798
3287
17503
222
1272
3347
3268
124
2621
1203
2068
6601
2092
66747
4506
600
242
1856
4053
3617
384
3929
2024
13358
2891
52
16142
162
8875
5033
373
1919
2052
1139
4
901
16192
359
367
966
23656
49
3880
34
11625
3486
2482
7781
142
302
1649
349
7006
6074
5
3741
38792
2266
1263
2849
4554
18579
7207
1
62167
51880
9038
1033
6080
305
37117
14
38018
782
740
4255
5198
11
9039
65735
128
758
134
64
899
29419
10194
24
980
558
2119
16699
1271
1375
1235
2435
4711
18225
636
2365
1
807
1571
3744
9605
6701
6791
30
6176
190
3630
1993
4944
9101
1082
3271
640
66
4895
2107
5336
217
1203
23318
13421
8
20952
1066
6086
4877
55860
1740
87017
377
3649
1801
758
2550
1381
4804
448
17930
5949
370
1824
16177
2968
2
1865
3340
12573
3582
1354
2015
891
180
1570
270
3649
17778
383
1332
17405
122
7324
614
1659
334
7615
1195
18577
1946
21806
6215
24087
12640
86
3885
31706
1590
519
932
1660
115
1968
372
554
912
15643
22780
2923
1639
830
3333
44201
25
1211
1712
3295
43
2996
242
21964
1993
5285
3129
1
2368
86
63841
2401
1813
311
10601
390
13389
1
2768
20903
2176
12726
384
407
16973
650
8099
1233
5679
9299
2190
4695
431
1941
1124
4616
1861
877
3
22635
16771
4287
8052
7
299
4261
200
10685
1330
646
1914
3032
267
31
124233
6273
4775
99
106
13553
272
276
890
10194
171
1523
8822
1
2187
132331
15888
4961
1256
5063
815
4621
20
12951
328
517
4084
651
1744
19170
2510
232
336
12742
10972
406
2512
743
11186
2
3300
15013
36
15320
41680
995
13264
5933
121900
54
159
503
19561
66
3476
3997
990
6575
6
7507
11720
7865
124
310
12067
2646
285
146
1552
8
2922
56
1776
676
3
13551
460
3838
7336
5613
493
1808
1870
1280
6229
7497
1755
1432
25
16911
264
355
416
3125
1779
1990
20122
7
5349
387
3022
25191
9294
482
11093
14197
447
2809
680
2
27703
22349
379
12116
5613
13987
1999
9261
2657
293
1341
9349
252
4989
3125
895
5664
699
47
1746
30760
165
7600
569
19481
6357
5474
845
1208
702
908
1898
7781
56
3021
2283
12
181
4
151
40
4693
16233
4396
33
1215
25
150
9664
338
3
927
456
451
1771
2556
98
1211
1809
2735
13737
95
36172
2737
2106
5587
5261
13961
16557
6239
1954
2161
105
4080
5268
6869
1297
1182
4
714
16593
21504
2453
6659
6980
4002
7611
53
6901
1114
1871
2892
2600
19596
7255
24849
474
539
3851
5301
6272
13709
777
758
37645
3533
162
316
7553
5020
891
276
7577
85
23
15
10614
36746
1849
1015
9666
3
6310
1563
10631
114
21217
121
257
568
15977
1660
7443
4174
9919
5724
1029
9917
2102
3224
13200
301
7313
2796
7946
3005
1296
79
5063
11394
685
10364
1106
232
128
73410
367
1263
1427
299
78050
411
435
7540
13944
23366
103660
17271
12126
5473
986
831
2313
22484
46764
10247
1728
448
6376
3601
3492
1289
6463
3
638
999
7971
16665
26145
2308
96
20410
2
16125
6881
9
1284
39791
3424
1524
492
1407
1339
277
1444
2709
2660
12614
300
135
66
21502
1617
3389
43849
888
2116
532
565
5727
6629
1580
76242
66
1564
6161
20489
1520
177
1267
7881
2
5315
2001
873
160
1833
1647
15773
1206
85062
3119
6535
726
162
212
5414
3984
1965
8173
3954
578
2
4621
3145
2903
7723
63829
390
3
94
206
4663
4361
5807
3459
44061
230
945
13012
2544
18
35958
8705
21571
18672
1440
34580
1514
16737
1737
432
101
445
281
6734
935
461
53
2511
432
263
6765
276
58875
168
307
16575
14980
3982
8606
34838
4196
4357
3324
19294
6452
3
427
3986
128
2552
3
2152
8502
36
9268
1147
34
12756
3142
743
99
1397
16323
1845
798
243
13955
550
679
3802
7138
68
5904
838
19850
6412
161
1339
1355
11255
7353
7315
5277
329
30
221
493
10716
6381
2474
7759
610
4955
23
2738
184
403
305
2010
2670
2806
3387
2297
2696
15263
3843
4596
31445
474
4290
2
320
118
72
591
3349
693
6943
1126
111
2540
23513
702
2708
9
7914
19964
1865
736
15265
21
1638
11018
857
4671
385
4657
1834
26953
2143
11867
61
811
20
44
11548
1163
9673
19014
925
9422
1448
426
25176
917
99
1320
1529
13941
11446
4541
1513
2170
4
29944
3007
400
5185
4212
11737
537
109399
10778
797
3933
1472
3195
13748
9
8721
2097
350
3545
54
1226
8487
9358
4268
3693
276
2430
580
5437
2020
39253
505
712
51
70
1166
5829
1331
8007
9418
250
1238
79
52964
16433
6949
5826
5885
34
6120
3036
821
241
2151
27971
7
451
3115
1997
278
56823
804
734
3731
14269
45
4977
3182
2844
2831
5896
4942
17506
171
9152
10272
3616
6011
2869
503
107076
59385
349
170
4822
1
5848
20488
17
38
3096
27
28644
5472
3002
2094
16
3222
101124
67250
741
806
909
4037
5380
11154
6666
210
7917
6240
239
24039
1406
345
14220
7026
53
3023
4269
1022
7074
108663
11518
624
56
409
3402
6019
755
74
1252
12744
3135
1454
4608
3975
621
1018
597
46529
121
34800
3651
11017
6279
1003
495
97
53274
287
14
4942
9025
2914
7081
3737
1456
453
1116
951
21362
18517
1398
253
9454
202
4090
6192
4979
100
31230
1258
3914
3114
2451
3080
4182
11258
1178
904
118
17063
1841
1434
1864
256
13487
8221
8741
14546
968
9
3268
384
123
138
22517
1102
1480
41061
2580
82
8668
1182
1432
1266
15063
512
6305
6174
654
357
364
1326
22660
510
4681
19578
6043
20582
1235
21455
3667
34
7963
819
11
2124
1178
552
3726
30738
1800
124
2403
2115
11250
399
1224
44643
32
2863
54
5235
655
144
23638
769
43
10787
5625
2726
304
2178
20949
2753
1143
279
373
1823
5
111593
9
37915
40068
428
13511
1362
13427
20
4210
13102
23555
37
4586
543
5139
1882
1153
8223
51
739
23738
3217
11821
3123
1169
3661
2977
25173
861
6752
162
37084
227
288
21591
645
23555
4896
926
11
9833
7553
24771
13374
20681
174
2923
4346
47080
1620
9
17214
77
4126
10674
130186
1710
4952
4336
4087
2399
1773
9713
13642
9941
4758
37355
1968
360
328
24123
134
525
115
9604
8473
1118
1283
19912
301
49855
908
44198
30
363
14117
15391
1996
139
47019
249
1509
3225
11779
14
17006
9454
6364
9494
105112
4136
209
2176
7233
135
533
29217
6
732
10
2726
118
38868
657
35
3
19543
1519
1893
4990
304
56867
35897
1160
3392
59
5918
2001
304
4542
2817
473
22540
41
4102
61575
193
5062
12
9408
12270
4376
5380
7753
1611
209
24185
492
23538
181
2205
842
31353
379
44917
5373
34604
3072
23
7740
141
500
5776
27053
14855
893
429
3527
22518
6247
116793
1308
2043
131
360
331
12268
15200
1968
123
164
31376
33
3023
2878
7485
2959
152
27038
3141
2
3
2609
147
8194
787
8
507
1339
661
107290
70
907
1349
713
22412
19798
614
7865
4031
3929
4044
1523
347
19067
4539
66
1337
53478
2537
35
5768
868
19854
3730
9489
3810
353
1894
5
508
2372
776
4004
673
36
7154
77
2557
607
3333
14845
5430
1646
256
758
597
21562
223
8821
1157
948
218
1632
4966
14667
6011
6658
3139
4884
6590
23446
24576
15766
4031
1796
89
1910
37040
1184
2998
825
2708
23652
7622
4116
29452
41299
5
14121
65098
2114
113
39476
3909
895
1006
2990
50070
1168
37630
971
1062
365
1159
103
5472
1844
513
272
5144
547
4733
3234
9963
277
191
720
750
112
10878
178
80703
447
2993
38916
1735
2759
303
3037
10621
114930
32
41232
80
3705
22653
26850
2159
2033
2243
6
3995
55472
3847
229
3712
48
509
184386
60662
2211
433
8
82
4
29701
1082
27894
1456
18921
1956
2427
8677
986
39345
37880
2986
23
76
32482
17423
1962
228
21915
10187
90
19288
21073
6862
12669
7461
15634
35939
37997
190
700
24540
3296
11021
5397
2691
6984
10756
5638
2847
40769
4670
85
40
245
117
34350
73871
374
378
6084
983
19013
1723
26686
3
30
4251
1008
673
4602
5535
1096
423
2392
539
1105
277
153
8271
5263
88927
34795
1778
8328
4637
575
18845
2254
3175
133
1390
29055
20125
341
2144
26
140
4524
3675
11319
28181
1065
20723
1659
29970
4045
1735
73852
9109
59
17484
693
14825
3475
247
6613
1187
12867
13476
481
637
940
37626
20528
7435
26
21111
962
1909
1040
4419
3572
4369
1698
5480
21512
31160
42
2042
1515
4986
1616
2798
5101
579
1121
2830
65125
397
526
40943
1778
1766
7968
69
9830
225
11587
76
131247
944
2159
990
6664
7
750
3006
441
133
1978
49454
21144
530
685
87937
7204
25580
146
20005
777
4033
5095
2198
1930
582
173
193
1717
55
8272
3091
13658
92
2941
3801
4042
10
19417
11
177
6
13810
13095
7638
51
12213
36710
17115
18575
12567
2966
17224
15292
20065
8
876
1865
599
2262
7144
5987
3911
2143
14399
11111
6757
2167
17386
705
6559
12349
10892
3629
1847
1099
2695
23357
9
304
74
384
4620
1716
2830
13052
978
834
443
1109
1308
117
229629
5465
35
2310
8718
160838
615
15356
3696
885
6359
3549
354
1
1859
8497
1267
656
4831
4104
12
71
107
3686
493
246
2053
473
6
826
1921
11
2360
3498
87759
6276
4978
66
255
2593
21255
5179
17966
157
73
1034
1314
359
1540
336
12346
174
36089
2726
69566
2674
6623
279
2338
1873
94
1856
41334
15548
5395
745
30511
501
13411
25668
65
8278
10235
25514
26228
11802
354
2589
61790
5071
2831
5887
432
7992
12836
1741
26035
16952
105
24270
297
149
4887
6014
10467
1557
169
1051
9376
14680
2544
97
71
15591
4244
484
625
3135
11576
290
67725
9768
1676
1
512
5011
2534
2849
11495
80
377
6452
4107
100428
17793
976
813
3861
325
6582
8435
6391
2601
1475
16201
12131
625
5552
10076
382
2847
2483
12356
287
73
1733
1998
46273
23
274
32874
242
32807
656
2551
576
1207
3142
1229
23224
2487
6644
345
2515
3008
2183
718
3517
10702
141
14974
90
3917
7516
651
1327
5921
70
9915
431
5298
207
3752
2383
9767
925
7584
3535
19961
40
47941
4454
3786
4637
7783
14
17
9
568
24918
3446
638
6979
18960
136
2892
4668
1965
2056
6174
8084
12022
2412
3198
22693
3119
3258
2300
17
2057
2730
15827
3303
502
19277
606
46081
1796
3824
4194
958
3815
2056
20039
904
4605
4561
34280
23
38
714
324
675
7109
11023
142
4307
19967
4381
4248
376
315
2948
865
3843
1646
1860
869
3
931
3528
14912
33269
17004
392
2268
2371
32197
3159
3473
59355
8210
31
1754
65832
19984
2
61
108
268
176
1390
3384
3609
718
12208
10098
1697
7573
885
15118
1888
14553
1544
2043
251
891
3569
4020
585
332
6091
1814
24012
4161
22779
502
77464
3232
995
114
45
2920
68
2417
442
1544
2711
833
20060
2825
196
10703
14825
307
3
12538
185
13472
387
133
11702
7171
192
2083
584
263
2841
23877
15557
39405
25
10338
3066
3445
1533
125943
13
9474
50849
132
3699
118
402
3360
472
12057
92
5987
29820
23
942
113736
2853
79
12042
985
5432
25114
7367
10736
4839
43284
5398
3365
7060
17174
5236
1461
1427
199
2476
196
289
27624
426
1324
81686
4763
1194
4782
2957
16832
9486
3303
46
9515
2087
1214
5692
8530
60666
2584
1754
26691
4680
2463
24406
35329
29537
25240
757
9489
407
7305
2
2264
321
798
15599
188
1027
9549
28763
25300
2
320
580
746
298
4375
2158
346
680
62028
6634
12544
19631
13
1053
16248
165
2426
5616
33
208
21843
1415
4901
5229
243
215960
1309
19013
6749
715
5465
529
427
14532
334
2087
7654
1296
51185
854
3508
732
7174
449
10740
36396
16762
25782
27691
12821
2248
2495
1053
55729
22773
81
1838
1597
7291
7
332
1148
851
3924
115353
19812
11
5059
15123
14893
111
36146
1727
10959
1035
16070
3548
1026
7292
5907
6404
16848
1193
37451
256146
13355
4670
490
4796
779
1305
3633
2
57
30086
16906
14119
2581
26430
23324
3129
14118
37155
671
3879
9099
183
40
11290
4165
534
875
3563
8039
24
12327
3094
22131
9381
4754
12146
231
1283
25647
54
501
11080
2213
5525
1302
9
5351
14343
3
3106
87903
7136
15
2195
3197
9876
20957
17768
1365
4666
203
819
8
13524
2282
284
14223
12994
58
211
73
6679
1064
32
24
41122
327
2078
68
8201
1825
7038
13864
20957
1434
4675
22062
1978
3203
2015
22348
7781
1
4491
96
440
2549
869
4108
6717
177
349
4258
1068
70
1164
155
24317
623
20057
6138
7182
179
11246
11687
86
1007
24449
324
1107
110
1997
12382
410
10
318
653
446
2430
181
627
4
28765
765
2690
10782
1827
26542
394
885
9487
6929
33199
307
426
2146
13999
70
18
133347
20126
6759
14322
1528
23
4885
2462
4436
6480
10358
1915
1714
20462
34810
10863
18037
12675
19112
948
3915
3366
32617
3335
18212
10058
4
452
266
138
564
36096
948
1763
210
803
23011
194
130
3517
118209
1064
1889
1117
615
856
9080
2175
16
4065
1403
1
3153
9645
67632
292
440
89438
477
9598
569
4285
6265
111
6083
954
9678
45
58345
1053
17171
14611
2215
63495
1276
21302
15809
58
372
4813
18
13615
799
14
1169
545
496
9906
1284
5184
5705
583
11
1271
1
4864
6956
6998
117
11757
5922
1250
7870
2782
36691
4371
405
17445
186
5212
61155
1343
19840
43466
1682
3372
11681
37784
5676
4038
1017
19976
1009
1
2595
27922
185
672
260
58045
90
16116
4921
6953
7346
4755
1780
1750
11319
210
207
9603
2027
5412
7287
4009
9
1465
9889
13586
4994
13643
32
5834
3687
2972
360
5
324
627
531
1549
8
36319
48
1121
15
19
7428
700
2491
1836
1350
5
3103
6921
15779
13560
8172
4556
21251
1614
124
4320
1546
4
8846
993
2508
5749
2182
25
541
322
2360
663
1948
467
2634
5406
12
98999
18664
8354
2631
546
1023
18130
10494
915
4921
21968
1039
3766
4582
4237
21142
171
75
5233
4765
305
1210
775
3375
27230
108
573
814
495
24860
7363
930
1606
20536
1107
564
14213
4116
2863
1327
5027
22987
14385
2857
901
6
3600
16041
7652
7
222539
22769
890
190
13932
3822
4263
172
7616
301
21239
376
2060
10453
2214
1482
1701
29413
10683
1291
11099
13
578
2707
85116
326
1709
558
9142
723
119
22258
14509
5164
1550
999
8247
3916
976
3904
140
1691
19
8342
826
2216
1488
30452
3482
2358
1165
3138
4484
77
8286
47914
1138
2165
4582
6860
1192
2429
2223
7123
874
30609
2893
162
719
313
7242
8782
629
2692
59
4000
236
15457
2675
6980
6017
17049
5390
5365
1815
15473
5859
4046
17446
1218
1683
4903
55888
16736
1609
7745
16968
82751
8
7658
385
39458
4307
32928
5994
127
1262
4618
693
1423
9144
21
1994
1593
613
1871
34044
4168
148
16031
73
21685
3170
23466
4706
1098
81335
32400
1786
2638
762
19335
116
6982
387
40959
3192
7279
2753
6367
6652
195
264
1152
3926
1932
827
5154
4637
4121
767
9753
3606
81
23095
16661
702
3755
9958
2397
5635
1439
34034
20821
2405
1027
1554
442
16955
488
13583
3218
727
4503
4010
24978
9885
196
26899
1101
19
867
19947
6895
115
767
652
3144
56
2997
436
63
18
1500
22697
15380
16167
55786
134438
2413
2519
18
3268
6930
2224
6116
5
4994
23635
49355
42152
39242
9324
3
28389
1443
991
1607
14228
640
28235
33182
6985
5236
60654
2254
4954
9003
45276
23807
32603
14
13957
26974
1426
38948
2847
1230
23652
3269
4616
17855
1351
24460
36220
845
9203
26206
72
49250
3925
13714
4444
2761
6495
1392
28872
6707
1484
17090
10401
13908
14
16906
4167
6351
1145
2157
8461
3468
21419
132
10655
8309
11827
317
17518
589
17260
13
95
408
16577
115
14985
415
40890
62612
3186
3305
630
526
764
3190
4643
293
784
10548
2270
3549
26545
12657
143
28496
265
3001
585
297
99925
1606
35
177
4706
9708
106
7478
8774
848
4660
8528
729
1675
61952
1735
141
1976
15141
3092
14327
5237
294
787
2730
4517
11997
839
30973
1033
3153
9569
7954
240
6341
604
324
3334
762
5134
4132
3075
1573
10475
4153
7184
2992
12928
1522
3062
1231
474
1340
16769
32744
85796
3394
4003
10064
18700
202
21781
10154
3087
5417
10079
6309
154
19597
7147
856
498
13023
41721
23614
32220
3927
21346
3933
24
682
12905
14841
5384
12
298
5009
2212
18214
20230
2175
888
2445
2208
3690
3368
1233
3695
1790
53187
18127
8531
5810
5929
1403
42577
4314
5238
137
2073
756
1901
9980
14733
7473
590
109
39232
1041
2459
811
2910
3264
23065
32
117
528
7379
2567
842
239
7715
10975
23327
17018
159
158
1782
7124
199
10
27
325
5459
753
172
2427
49164
230
21141
828
1685
6340
853
2272
1618
11665
13146
11346
644
50418
1907
14839
280
72
66772
8864
4449
383
957
305
1269
3762
7378
44111
70165
141
2707
32786
9012
18357
489
374
8543
8
1011
1163
4102
2580
5449
55
47174
177
2320
1513
3825
3159
2379
10454
11882
352
8
406
11070
236
158
19446
3700
1106
1777
23864
1833
11422
4
4633
1760
6167
134
14922
3307
3606
8609
2283
4057
40434
3515
5444
8008
157
64
31
780
1297
1967
1202
1894
36841
17885
11963
6572
937
1187
1008
2162
42083
223
4464
7114
39717
9301
31603
4839
145
5161
6638
4701
1113
256
36227
4347
31028
1171
669
26588
2784
661
2832
1463
1121
258
23742
1409
12156
7809
2995
1804
12610
56106
4862
3055
11910
396
109
5641
16119
1274
4682
508
105353
385
1766
128
15
2764
20
260
1364
2032
246
1302
19616
4042
528
1604
29935
3027
7761
5198
5315
41160
838
9700
1233
2643
89167
10190
1360
141
3213
25354
2435
43498
7150
427
6311
1212
1171
69
322
3028
1385
807
401
196
1332
3018
44953
1120
30206
1415
3062
1234
1584
8472
893
13004
14136
109
44968
27
21
1032
327
1808
596
5895
569
1511
9377
1
51
12366
704
70423
947
2543
1147
260
20808
353
6235
27220
20988
976
3242
1274
286
997
10977
1931
716
20311
3879
2355
108261
2205
156
603
22120
11
3279
17907
127
13771
1028
13
773
5871
8304
368
1838
4467
6608
3843
11508
2514
116
47830
880
2403
275
1450
19991
250
17034
74
695
25837
12173
2018
10621
6799
2271
1399
10165
1695
237
5717
100
27415
10431
4537
1720
638
7262
509
1022
2642
169
2245
9675
5588
4186
7293
8479
1123
252
6692
163
5529
2161
86
447
573
2651
3035
7374
2852
20737
1115
3387
10767
186
4059
345
373
191
12675
17613
7430
1494
22185
2915
186
1572
4926
5635
4419
10430
13676
3209
3171
691
4075
11702
4630
5958
798
591
7498
1680
6482
3943
6
2177
364
1275
1493
1593
8698
441
9236
3484
415
7174
325
302
210
43518
467
5441
6949
15853
3488
4
6764
428
3229
10389
1210
166
3902
4430
12598
1349
1232
2253
84
784
20597
6790
139
6698
3441
25601
5624
1656
838
2127
831
2420
1
127
401
581
222
2112
3974
3730
1103
5302
7552
1922
74
14
38
7752
680
12196
1542
1559
1926
67551
1064
1110
229
237
20864
87
6
3077
5478
3561
34077
73392
6737
117
17233
14865
732
1690
8
14365
135
697
1179
40571
2977
63
2886
30
1286
90
2038
17573
853
2188
14923
14015
2790
252
25814
2271
11642
5113
31471
1552
10379
7503
4855
58736
6
9366
7641
1180
1588
28
465
209
6701
110
4460
15328
47
4
64240
6911
13
444
361
2191
2828
31507
4239
7879
1037
715
1
9843
318
1233
3285
4168
72745
19
2791
2917
16388
19155
9609
5633
50
31594
1170
370
18504
43123
1
8125
62
78
1351
74003
188
2159
2034
12154
816
13092
2348
745
10021
4024
10660
704
52
1032
5005
141
1347
6007
55
358
5754
3554
8975
19845
1408
146
4111
11317
28617
1383
2023
8048
2626
93
12424
3049
15451
2248
8627
2937
480
3920
17586
8162
1146
2217
3704
9167
758
304
194
44
409
1543
3046
557
1205
1427
2555
6508
13946
4595
8223
3273
24458
2076
2591
13545
10715
19903
5279
72
1340
15836
1629
9502
500
2321
1177
460
704
31653
19312
1090
38
214
8911
5171
1812
3369
1033
5921
7302
7207
29
10283
13419
1047
36802
5143
728
205
12433
10432
15174
23991
2652
6308
1255
1
18466
2934
1406
11129
2698
16
3171
4806
6922
57567
1966
14317
2297
1789
21835
368
1862
849
14026
620
12075
1059
2732
21
7657
40428
28941
44760
3
35677
441
3
5410
2089
1259
58823
606
2154
1860
3252
51
449
1848
3162
12133
6970
3741
414
3042
4325
1841
468
3006
15491
2912
7937
1353
3310
8686
2408
252
7
19164
864
3899
8103
47
3417
2867
591
2297
11509
20
425
197
134
11691
1595
5757
1019
115
19
2580
16057
23360
3142
2566
2966
501
6879
7580
633
1
2747
17016
1764
8878
4060
1754
37954
31
518
345
1915
1777
4628
899
977
4906
945
2694
8224
1771
5748
50397
4353
204
15274
6431
1007
903
15325
16204
25515
3960
752
8054
2567
17447
1321
144
175
14445
252
9
4952
2045
4652
8629
139
5824
2036
3471
10027
739
3209
1138
108490
2355
2182
43897
25
1778
15141
522
603
864
4002
29269
1132
945
5621
1374
9259
861
6001
1800
3371
46503
4168
4697
3338
2645
9163
24474
21954
10876
993
1072
3719
31422
16015
44490
492
2927
1486
1264
1571
265
32489
738
2452
130
1460
1221
1535
554
604
1184
2678
3615
462
176
1741
8400
2210
7734
12234
1984
1777
2746
6
32115
4270
339
406
41794
482
7626
189
4563
1685
689
3392
635
156
1784
884
93
365
15276
4430
14861
20691
720
3066
66
2857
1835
39382
28
4067
1326
1762
7267
392
11214
8747
993
7772
936
13
14516
12816
11026
4951
15374
476
2990
33
1700
37
29651
398
3512
18731
2306
1
87
4563
2372
229
9
944
5536
2363
1799
8084
11432
65
2720
11440
34
3323
6720
6823
3658
1072
2693
5525
5117
3104
4021
8998
6647
5118
122
3833
4604
2663
1487
3387
279
3175
321
36
56708
620
1022
1020
1863
44875
166
841
9778
8730
3956
1644
5911
17
1219
1108
3425
1837
13437
1704
6767
8741
10
182
2818
190
9482
25811
2
5784
25791
954
4642
802
29236
9302
2445
7824
17016
7701
161
10103
4023
2804
44254
3470
2449
12543
3367
808
3557
3522
16745
1279
991
309
15178
51
6982
857
221
6054
11984
1139
2388
7988
3310
996
5467
6641
852
3337
116
903
33256
13645
4182
4787
12263
6363
1871
1807
1750
1047
931
217
5079
53448
12478
4794
17138
7760
169
140
2064
5105
16275
3430
25719
144096
29249
4356
145
10154
945
1913
1762
4158
171
3418
5940
2513
14471
2876
4078
13642
4984
28805
16600
286
5387
662
39720
8490
3032
646
2
7084
980
397
22302
765
23300
3357
9929
1732
3961
1252
5664
2821
675
582
33778
4852
3056
608
5719
44594
3328
27
7676
3845
20398
51
4642
567
2643
4190
595
1594
348
2426
36785
7701
435
14582
2937
1096
1944
868
9223
12
1029
153
6
716
12470
12619
827
585
3623
3300
10016
7390
3193
8831
846
6235
32246
8663
10
3430
1758
1679
8854
223
48061
180
324
320
77
526
8011
2159
3029
344
11321
13536
5667
10
1840
12391
1745
2645
916
7441
5563
6802
3553
5341
14664
12764
963
3485
2875
303
298
2322
4318
3792
8033
7117
3986
30588
28995
1063
54
835
973
9110
2098
13537
343
1259
7661
15751
315
14112
4647
62
8
3806
382
897
4771
5934
23224
1691
6
540
5911
527
2171
76388
354
14208
236
5963
5304
657
4009
5258
18991
305
207
2569
1728
42267
95
7538
3784
35536
6573
10359
10579
5433
22991
8704
9996
4951
342
50780
6489
880
4167
4342
9480
2575
68359
31405
2024
14909
1226
8765
65
863
609
11872
2431
1514
93720
32419
377
16076
103590
370
2343
1275
10439
2881
693
143
33220
1
4253
188
7450
9
14720
2374
11480
2214
225
4179
15599
675
3371
1297
2104
3056
1007
89
9
1970
262
777
2884
17703
3
8230
32309
54
14053
1310
27739
741
16511
13014
15337
1055
814
6761
2486
1792
31190
1109
469
4080
7190
1674
220
3278
4089
1832
19878
88
75
6477
51881
26893
7737
68
6478
52899
13879
8565
26
2984
767
796
114
1376
4766
19707
29
444
12199
213
4473
8128
1210
1478
117
4439
7017
958
58532
11280
156
2244
618
1219
1699
10249
3139
27
2863
7859
14
2370
6
254
270
1052
1418
4271
4664
293
10309
632
158
27223
399
6082
29
4720
562
2391
15996
366
353
244
9572
2072
4255
268
270
2955
282
22655
862
16219
3327
27751
478
1976
9479
7243
2113
1782
729
161
56
734
4168
1100
530
1858
5117
3483
5696
562
6896
15318
8250
5818
41
1107
3435
8660
3290
975
10520
134
1546
9866
4002
10858
2434
1776
343
138
4175
532
1436
11327
1818
887
6358
1989
6
13336
420
14777
1061
1257
9570
14026
20186
1670
8184
6510
326
3734
2143
7982
1860
69
224
12834
6505
11120
6599
16955
6707
12135
11479
1
31073
840
1428
1059
15
1482
1414
313
11391
1991
32340
5162
1003
3
7203
64
8581
11
1330
17968
250
5252
932
9235
3266
4638
477
6190
698
3345
657
212
892
5135
4589
41
8
3773
2275
149
92
543
19803
1146
237
568
1641
1955
252
6595
1086
4167
4314
3019
254
22163
40
221
423
5268
8794
299
48
169
4314
19528
190
13663
4777
3361
1570
1407
1678
1390
1313
3018
84
466
1
847
1565
25407
902
3108
5871
18682
13193
10321
3384
1403
162
1690
441
224
11178
1564
7200
601
2287
504
5971
316
2532
420
318
400
14270
135212
419
3684
3567
19601
21
346
4416
90
448
110
242
28375
6
16253
310
9
18
1787
23
10179
163
73
3293
875
62
28
127
157
7249
10483
599
12447
2012
9778
12
17040
324
2143
592
3274
30471
132
30469
613
6066
1360
4762
154
542
157
3
1062
1909
2269
2629
2646
2893
67
2884
11525
5
57852
94
6904
33921
4905
1624
15256
1005
9762
10921
1892
19937
2679
8474
11230
1779
1169
6390
2057
2234
350
2642
491
2521
956
124
14
766
607
5302
1354
601
6091
3077
1607
1110
706
126
12438
4838
1735
21954
3140
6595
157
39566
515
5
3785
135
1245
75
20
3639
5117
34213
6135
4144
54431
674
1686
159
4329
4973
2181
14316
4158
902
739
20305
378
332
1253
1765
189
735
819
868
7995
908
24839
368
166
2476
32524
32877
5862
4368
26474
2
622
4630
974
2271
241
4766
33079
180
2450
1880
43
1404
5861
527
6900
18029
1020
582
2526
1898
291
903
1002
17076
714
2791
13015
103
5655
5288
786
2
3661
266
29
187
1374
111
9202
1121
15027
6153
535
4065
5933
3182
1114
52741
1573
34495
327
1063
515
32
6941
847
23320
8964
145
13150
1
1883
40
18
388
764
958
1
23
2192
4257
407
20
24270
30052
2688
6743
1470
28
2043
3416
10799
669
61264
5963
4659
14563
22452
5404
885
5426
312
2338
21192
1451
877
1814
267
22748
3278
12687
2731
11339
639
7013
22064
6123
16881
110
776
957
1037
37
4697
6390
62152
20549
48727
4563
23616
7272
6708
3
674
5266
2122
347
1130
83
15001
2085
1090
2418
97
427
12625
26920
266
346
2863
85319
3286
504
11049
2162
4027
23467
12129
944
6750
3866
7105
27
208
389
923
1404
23
8607
12598
1623
16034
559
15020
1981
52545
1872
1027
12286
4541
2293
3777
223
1096
1419
9587
10969
1883
3062
35734
533
5024
28567
544
97
2614
16
357
1962
330
3184
317
3
76394
3822
6304
176
11641
3862
10619
24
24229
32283
7054
1376
2695
10376
36
76
1045
601
351
1594
57744
946
1032
772
4439
19
26911
1679
5520
3
12033
141
18150
7917
21
745
1370
6205
237
9757
4374
3855
109
16197
999
306
5
1726
4065
8488
2980
31452
2899
4766
1920
4620
763
428
516
34734
19505
133
3461
5246
22840
922
3894
62114
33
802
13855
490
324
323
1228
1041
8934
8314
404
4644
243
11532
17631
440
2483
880
15695
6199
33849
219
720
1414
4531
782
42192
2249
1791
12282
753
5657
3495
197
33646
180
293
20
5287
5391
6455
657
12122
1016
13188
118
4041
960
400
18777
69
15422
3012
15956
8845
4075
3963
14120
1
68623
4954
5242
1387
14
6407
596
2061
600
20121
7580
36948
69
109
4500
252
16109
1732
4773
15402
798
23702
3086
9983
4073
26154
121
218
1331
90
2355
15419
196
16651
1040
4676
2298
499
12151
13145
20452
19792
2663
30165
29675
1384
25574
1
586
1628
115
4800
943
9992
1791
47541
6246
28
3792
3978
2080
940
10291
8890
821
1674
9481
3030
983
9
651
43444
12
7431
2268
311
3218
4082
1159
110
4414
15391
5
75
13426
10743
3741
18355
10220
21090
1745
199
58
669
38
425
3381
1567
85
8722
18133
6660
9450
895
6533
130
194
14
10312
535
8518
7565
28
3697
6000
468
5504
3257
206
25
296
2364
6
4932
14293
18131
223
2151
1470
6375
8238
30548
2804
1530
536
703
1440
289
6022
3606
68
46
137
35316
50
580
2703
201
14455
3581
301
3146
1249
39
17516
499
11
41195
2264
340
6164
54419
698
3303
9952
847
21314
11363
27634
10847
4310
97
3217
267
92
5929
17
1466
12991
103
627
12189
8644
3341
1883
5538
755
3349
277
5306
4951
15066
537
22355
302
672
3306
1048
449
2130
13
2012
1934
1085
2300
2355
5037
1137
258
327
261
777
3845
230
9791
11025
6551
493
7558
1687
4082
456
1429
3129
279
5209
2170
8
1907
135
24706
1596
13229
3783
3070
149790
295
2954
425
32964
457
7866
291
1185
975
3702
1207
210
10067
22082
57425
29
8622
586
151
772
192
20248
157
1472
24903
3247
486
2642
1577
1845
8993
3057
2152
14199
410
1615
795
1521
1264
13790
13425
10147
12095
103
236
4856
93
5277
2099
4718
8106
7617
564
9199
2116
160
2744
3
267
19536
14757
23
288
8540
4655
127
1781
341
73400
384
1833
9469
1093
11
1027
7913
1593
707
368
13
989
1303
227
2878
2297
2317
506
1239
263
49694
280
870
351
211
945
65
59
1435
349
28498
52
3083
9959
11593
5
74
693
5054
2572
806
157
59694
856
955
595
3477
4165
561
688
299
775
2516
238
13565
10715
3791
235
6500
175
14438
3872
19222
13572
1391
11252
13823
4342
40814
1060
3996
4671
2557
10677
1014
20760
7552
1112
102
2129
3260
1218
3454
4275
1626
5198
122
431
969
2431
459
4948
23930
4705
1492
1988
5229
3656
2535
113
2098
1009
38010
5510
491
67
129
498
658
546
774
5368
286
21222
923
2970
7333
241
618
1529
6275
423
218
61
722
3498
32233
15057
408
131
884
149
14440
1343
143
44642
251
1510
396
2284
2195
14671
23089
9827
1074
1575
303
3096
13857
196
1244
10608
846
5982
8
696
294
266
4360
20903
172
26612
2056
17
1138
17425
378
88
2391
3219
23
93
3662
62
8939
431
2436
42
4235
1625
5558
15708
2635
2516
188
75813
52
2305
6079
9525
1904
2693
2
77
1687
279
9362
5
318
2433
52
979
233
16595
4365
11830
10291
297
2038
8286
2462
66712
269
54780
2007
2149
1032
2948
3879
4292
4092
1002
200
9942
1160
2
4912
471
14730
52131
3824
89
9453
7324
171
3308
292
3573
2577
414
7163
533
2168
2167
2745
10
3466
24
1210
9543
4433
8589
62635
1537
944
1456
3589
20528
543
59553
4838
72
2691
33195
43
65
8011
404
51
1311
4707
5879
1685
10848
16447
122
720
643
1146
526
4755
216
1164
14150
3
1247
477
18401
10863
1948
2166
175
7347
453
5451
129563
395
2982
43
6315
1408
2549
14996
49911
3315
663
63
5130
8325
366
468
1164
10051
590
4121
311
172
4901
73
940
1756
1458
13482
41
2432
6779
17
780
15801
6496
2123
5207
773
21
6983
240
1903
1120
50
240
7
2774
4071
7954
2308
10396
6
97
3348
6363
2606
1800
903
7048
1400
11329
2124
12863
5801
130156
9037
513
12530
28635
601
9034
3930
11
914
4787
15578
20895
11445
1316
163
809
800
7808
3926
28839
246
4568
67
9328
5255
9914
53
7293
26693
499
1729
1623
1008
2009
14094
3118
14308
2728
10608
9996
3729
1643
64
3746
7481
9251
3646
4136
4530
11432
5146
12476
1172
22
14911
1
43717
388
371
2465
3644
6791
35817
14897
492
1960
16522
15265
538
7114
185
817
910
15353
790
4388
4
6583
386
4902
32826
1788
40
14931
3988
2354
23444
20992
223
1636
1700
5
782
2637
2374
1005
5979
10786
582
535
1356
3675
32701
1845
4811
746
1892
29714
26
360
735
2585
8
2225
21105
16153
447
45932
23006
49250
14768
10626
350
10494
8097
14885
10826
97
3929
4904
30
6797
9976
331
596
1370
2073
12674
1185
4996
17496
5929
6119
8961
849
1671
8
15199
17261
1754
69
5058
1266
446
7403
2632
3600
7620
5700
4906
1016
6
6226
9091
6157
32
7584
228
235
5001
163
181
18183
650
30461
3047
254
149
995
324
5366
31229
537
81
2463
3111
111
3395
451
2469
2587
14681
38307
1580
3359
28314
65
15271
695
25
7490
26355
1408
5641
153
4240
14818
108
536
7453
1102
16775
398
22237
26
6965
349
331
22892
101
17523
960
263
1765
656
1307
2443
19959
845
420
14559
480
20004
759
706
12653
145
1035
542
211
1602
4621
576
65
730
11998
2518
19
1654
5824
28290
14
706
8780
1417
156
54
622
9774
118
3568
82
40541
30283
3768
6664
127
112272
12833
954
2335
2731
2226
11846
3595
422
8
22533
2243
5711
1219
8
6749
1765
654
7709
1441
173
2900
2590
277
676
1090
68
6063
3015
5123
596
605
284
17076
1005
13
1596
3562
2082
31856
62
534
853
1588
6623
5092
777
4058
1490
4784
39
6740
266
127
5855
8318
778
156
4363
4852
712
1448
7402
2098
8718
2626
5611
1378
35292
1150
4024
1812
561
802
2725
1601
1701
184
3899
13606
322
845
20146
6388
9258
2292
479
4948
984
4477
11322
456
8613
12047
11105
8084
650
323
14806
1809
5313
6217
1974
2431
13241
5844
933
7
30
2838
726
3362
1913
44
9
904
327
1205
1424
6485
5662
20
1
9723
268
1939
107
2310
691
4800
2523
3316
1336
11275
6799
5335
9435
4724
6499
77
950
34306
2514
6631
26911
886
948
12
2522
4286
3807
9922
10273
10
3799
3352
503
9934
9242
348
9102
1800
497
49
277
2030
841
263
571
12896
14249
242
1443
18
5451
9202
12644
895
206
6175
15353
6125
44
716
1265
7641
2313
24188
145
8624
4257
5332
5538
257
272
761
1989
92
428
4141
1144
8727
8
889
1148
10776
12
1349
10566
7060
2996
2946
4526
1017
67
3866
433
3042
152
2920
5276
1034
5081
43
3878
5419
8904
3365
2183
2938
2786
21111
3652
7089
3051
276
3969
1304
1163
2014
5462
5239
2811
22371
2308
1430
11171
15637
2088
122
5035
7217
1058
1219
21249
2910
3605
1118
1681
9877
257
10931
1197
690
3205
2081
3143
4516
37
3630
121
1475
1251
1673
1477
1976
53
5804
606
10316
41
1115
25321
2895
3702
470
456
200
2852
1349
3972
42300
4979
186
550
4755
66
10616
1482
4052
16750
232
657
7524
6575
4319
11217
393
1151
2291
9319
511
3238
1338
721
4021
1757
281
1489
959
3
60
3076
843
4666
2301
291
1009
917
7224
2542
456
24
693
1832
6484
1664
191
2820
1512
1982
4744
711
2425
1330
871
104
4418
9509
15161
4091
584
59227
1188
10126
88
1
82
51
1905
1726
10246
279
5395
5091
3892
153
11676
5624
16986
6516
219
5982
4225
3499
17752
3230
1229
356
21769
21006
5317
27
5147
20212
176
13337
378
6896
19767
1
3040
1693
2731
1090
7936
1072
3900
10910
19781
50993
89
3465
8530
2157
111
233
9714
9
7
754
1410
1510
659
84
1786
10986
810
9743
61
51445
1307
464
827
9325
15
7632
6083
636
2169
2892
101
89
9453
1272
2762
1507
6582
5015
2555
2082
3972
1303
16379
648
10647
19931
2577
10407
374
152
577
4404
1437
16218
882
500
37061
5388
4539
248
34523
1208
3347
1347
6
25
9417
622
915
530
1630
5
5437
15651
875
113
1191
3386
1534
192
4440
1572
460
6324
6472
593
939
8463
730
554
3214
1477
4
3782
3626
4
1012
7242
578
6575
59
1849
123
5392
4002
1573
35
7693
6715
3332
3256
14972
250
2247
3556
995
1035
229
6894
484
12321
3752
54
1682
1829
245
2343
1672
2702
5713
124
24680
3003
3454
7551
1509
9054
964
3076
3362
93
4795
127
20282
8808
1209
52181
621
9584
4316
26780
7096
467
4386
1794
12225
981
3887
15185
1116
4884
761
954
1018
25
21
428
355
460
1379
2239
118
5593
32
2730
108
105
736
2210
97534
795
278
47
7763
155
2
199
3837
847
408
50
1816
566
787
4215
13
107
12889
30654
3914
1742
3295
9010
198
575
4632
2682
8926
12803
310
2759
8812
17646
12627
345
5396
3602
8392
4498
7218
3361
2318
15726
374
322
2003
3066
6697
11033
2400
12620
397
10063
3571
27291
8039
2724
5902
10239
943
1
970
773
203
576
869
2061
1303
5386
200
331
961
848
1306
5243
440
991
18521
54
7500
8624
376
8529
1392
21316
2571
150
663
72
642
461
3575
4030
8468
4382
258
1610
3827
15803
2561
7552
240
2420
805
16226
517
512
7507
10399
217
8631
2188
6
22
1741
6707
9805
12755
3622
7715
8281
4939
3101
18392
1179
7729
112
8881
3205
2291
1080
10339
7057
10906
1623
3175
166
8500
3227
374
3836
2350
35195
16769
78
9412
13225
3212
5998
10830
5
211
3501
6005
9642
9571
2763
4513
4938
8751
8779
6043
23297
6377
8488
37
484
5846
3122
19318
5904
8085
13206
3599
4768
988
2240
1467
7163
5311
878
2633
1718
11304
194
10032
956
91
134
6926
11655
5077
3701
848
2007
1722
6561
155
2328
2436
5660
1545
16118
20
811
5436
632
423
567
82
112
75
1614
46
402
135
1842
1128
368
253
778
860
19677
936
338
269
29
124
969
18797
176
5731
143
2035
378
2320
1590
1426
36
15833
2515
4676
16521
12121
24646
30272
1570
27678
299
8788
2384
14171
2434
6986
4024
3343
23823
39762
48533
7073
115
5133
2465
26771
3005
3645
6332
993
20295
145
2198
851
40826
7
124
26
475
219
171
380
888
6648
8563
4205
370
17960
684
591
17825
4483
2814
74
77
4107
6295
277
13860
15008
5079
848
8025
12808
15464
11911
787
19739
10905
1663
4987
1328
1260
179
1549
71
2977
639
7904
848
8788
2373
2635
78
6425
12367
6548
13676
5712
1146
3454
8132
6662
7722
537
9176
2830
425
673
7317
401
78
4258
14875
2718
10950
755
29749
2507
4301
4675
1
4
49735
2867
1777
5172
1374
2321
2695
77
1075
295
836
87
371
14394
154
1501
438
2773
66
758
2236
34
4245
2228
2506
448
2255
3869
5386
54
1203
572
131
18010
52
1573
593
6380
1573
300
2405
16
882
5287
2111
8101
2373
2960
534
2231
4277
4449
8204
3468
4457
4371
6367
4399
11
7192
1510
3434
32
1559
2329
1491
869
2053
323
166
478
4101
1091
376
143
314
85
10
1655
79
1001
17887
54
112
5256
949
2116
12114
4367
1130
4620
7941
2135
7229
4036
12074
2620
704
452
95
2029
2839
11676
362
227
5104
605
1820
15030
9920
3079
631
12
2619
3594
159
14
1915
7049
1967
19
4001
231
10498
34284
8601
11
580
5845
4
61
7930
8407
26813
773
9985
670
11173
26817
208
9137
263
1041
60
2656
392
960
12512
1698
2251
3562
1093
453
162
23
14257
2265
6893
1719
9990
990
304
781
1969
459
1149
9453
475
960
743
257
6703
1228
703
1967
502
6679
5120
3180
6115
2775
203
4483
1147
23601
631
2224
1038
4350
8179
111
28604
106
21661
5210
1344
8954
4839
16057
2125
1274
489
2308
473
1097
841
3186
7012
331
406
2449
2694
76
5823
9474
5590
747
2136
6124
1321
3444
1485
3350
367
6655
11156
1772
147
94
2342
785
6271
2373
1191
75
7137
10307
4902
8871
5091
417
3115
384
960
208
5370
3
12952
449
4731
1332
2438
6760
3005
2958
343
2314
5371
1416
2453
1194
1429
13799
2924
103
46
9523
1802
27086
1
34796
1209
24101
20
2769
1787
1420
2116
6720
1541
23637
1535
157
49478
779
16898
412
2110
1929
1395
693
3772
80786
322
11159
225
3415
27342
12731
385
1739
1939
500
53981
4410
7041
213
2061
1992
19781
13940
338
217
2179
176
388
1254
436
1414
7170
523
662
3224
305
3626
1838
321
5080
850
2606
2165
4436
5369
252
3271
11440
106
10020
10932
4359
6
6161
437
739
5884
3914
1751
590
1104
12613
95
2437
4496
13599
1926
4890
3462
1060
1545
1078
2041
3618
8051
1900
437
8
4200
3143
4343
4269
5656
3291
12342
472
673
5314
378
10105
6589
10085
4008
3710
646
8794
3056
405
649
386
1414
25292
1564
1955
4043
3516
4003
42
7932
3056
1100
1136
5409
245
7467
762
2400
91
14794
27
6776
436
130
297
9030
2474
3265
3027
124
711
692
967
3428
728
1090
1411
12027
1243
673
1731
6803
18146
1200
3352
34
1861
2245
2400
1138
553
23331
2386
10076
2854
946
4633
8067
2099
296
1654
2469
310
7906
879
5240
279
6072
6198
2559
11611
3563
21
1254
4768
14794
11567
256
218
17896
14
272
23181
2023
42006
656
13419
15656
6580
4820
18986
14305
4363
8401
2769
644
7646
144
1418
3887
543
392
6959
7305
13054
9576
520
22806
20563
40
25300
941
363
85
15547
3
28039
7039
8276
1124
11460
19844
1185
259
1317
134
2604
20002
1064
32
858
1440
273
7265
459
689
1855
4904
3072
787
1347
6197
7344
3325
7535
519
14437
2627
3400
18
1527
145
12378
2093
8537
2618
573
5799
6827
1228
10287
966
3555
10525
23
35197
3444
16138
6716
8247
30
9100
1463
14403
210
429
5300
835
95
2311
18
6728
27811
27
1712
16428
16368
12455
3752
1677
6313
1529
3314
4695
584
3045
3618
2412
1703
8
7856
3
1750
1685
2180
2
15445
510
7120
159
12812
597
143
1628
605
21208
449
609
5919
605
23498
11259
592
849
886
5823
1378
423
33820
306
34
3314
980
2863
7
95937
1057
3940
1790
5197
1589
2836
1488
111
5362
25003
2681
1289
167
1363
6799
2746
1827
6790
2750
658
523
537
4877
849
2089
14430
27073
1252
676
1870
1843
11427
1582
2900
3002
459
102
523
5870
9207
539
2399
8454
2690
2151
16714
359
1546
225
9446
5424
462
4514
1363
5054
2095
2791
29
6915
4187
400
124
1451
335
59
942
837
2069
1690
814
641
4467
2554
2293
46181
73
4915
1813
39
19
203
636
270
62103
19
563
2189
543
1292
790
4014
1013
776
1441
3035
7585
201
1096
1347
804
665
3103
16714
8465
3329
19537
570
133
42652
3344
8508
8
1672
1768
1132
2227
11951
1117
1598
119
1596
6296
1303
1418
8652
61
5206
2329
3145
3083
330
626
1313
4817
1712
13595
2586
1860
330
3186
436
7470
14
191
1793
3
1487
8786
593
880
370
4480
1451
1727
79
1158
50
395
1060
556
86
3640
1999
245
1001
4900
4868
1193
2327
3646
423
568
2279
833
163
307
5720
1552
2470
1260
1071
323
53400
3039
92
618
1517
1996
11961
269
12
480
95
149
1622
2954
116
10
666
811
186
1838
14212
11512
202
1064
953
406
2800
236
2678
1595
7300
1241
726
1172
279
2819
39
124
1020
1201
1780
7314
193
2411
2822
69
769
2336
4248
2700
1683
20916
2744
1995
23
377
1460
3777
30199
1328
497
589
2416
371
6229
2341
5751
35
766
812
2045
2563
4290
73
16264
6054
13
296
4337
1277
13636
1738
4
708
5864
5978
16152
17299
18961
277
24
3030
13549
707
3519
3412
2760
6058
411
623
144
1866
4001
2686
1469
26860
8222
5998
2351
8408
227
5116
21420
1789
2890
365
20409
9696
405
655
22250
6788
296
748
1615
683
844
3172
28
23
256
9
300
12435
72
90
389
76
9858
12
198
358
5834
11218
4956
1689
15
136
914
8064
15
9592
625
585
857
13
792
475
147
1647
45
140
490
5947
614
7884
775
3604
2049
3502
3900
14035
627
22
7373
263
4194
4362
4466
446
3446
6976
14857
2072
6415
22670
3900
517
5969
1426
1306
2464
11836
49670
1282
103
211
6988
7403
6410
902
1777
397
4562
16513
6625
2339
6931
1005
4735
55115
927
286
2344
1575
661
2163
1287
7307
7340
19848
2693
249
5624
251
152901
7217
26372
2386
1027
745
15651
3343
1375
1192
1765
3663
1102
2293
950
2814
164
238
4877
14157
1058
493
2192
12084
475
692
1431
1960
3092
3567
2265
15
483
1615
30
1978
1108
1233
156
385
681
186
224
23145
2474
392
1241
536
1
4612
3505
65
645
3296
472
650
567
451
4563
432
1562
671
409
997
180
4894
3372
236
1208
6810
2122
1748
5009
21
279
189
6957
653
1314
555
756
717
837
1
273
36714
629
3096
709
758
897
301
243
80
2410
157
1135
1492
1157
1424
4737
3794
2
37
14509
514
347
4755
436
7
563
952
10391
210
578
152
391
2729
16489
11073
10332
2499
508
6868
763
9553
440
693
738
1686
6934
10752
19891
2423
535
1821
3069
691
58
1825
802
206
694
6811
3889
15
346
1372
370
338
8886
3314
890
991
4359
1911
98
250
651
405
191
10509
12462
81
2287
26082
47
6721
9509
1214
2159
3373
3349
24303
1
405
805
7641
1419
60003
291
21326
3380
51924
251
124
3349
5582
531
635
15179
59
1143
5596
9862
1399
1179
7949
609
2661
439
3122
1760
1210
7242
2187
994
832
52
1204
10098
54
2749
2584
392
806
31
7612
151
2933
613
1100
92
187
838
2980
262
611
905
2759
824
426
2152
6732
447
1649
5162
1416
1050
5880
6153
40366
1477
436
244
8095
839
1012
225
3220
33
2004
4285
4082
2172
411
1437
6518
6
843
25205
20622
16
4461
3
4
4784
4661
854
539
20
573
496
27
631
1763
810
214
166
4509
3463
415
632
2164
5208
584
19877
4515
2083
39
1983
198
1989
75
4946
108
4226
79
202
158
4948
726
218
6820
4256
20
4124
881
399
5115
1680
151
583
799
1095
123
1486
27126
51
18561
2125
45534
2473
1575
3025
2734
823
87
4154
7186
688
4210
7475
1238
3718
19035
304
26
3594
676
505
217
614
2144
6067
14934
7062
797
3063
264
14669
336
5921
6832
793
447
286
1566
5466
10122
4180
16
239
1720
1287
2073
642
912
7847
1
459
1796
1018
251
734
885
149
1486
1393
1098
2543
1482
1694
1111
2962
427
126
2002
3376
306
126
24173
4617
1712
500
1581
84
4950
32657
705
269
77
890
467
170
6306
9933
224
1955
399
283
281
6
469
6324
4723
1035
1017
1003
38261
30
3959
1430
5280
1091
15523
876
19369
929
306
12067
285
723
19402
9453
5225
280
2134
47315
731
11733
13325
528
5540
4934
2509
919
4573
14670
2533
987
538
4630
3267
3085
774
5792
5811
7
1506
1792
1152
3076
828
1575
77
510
1237
9588
1495
4605
11692
4097
1952
7717
296
329
67
16662
943
10219
264
520
891
3738
2216
24151
180
708
947
499
23
41
391
15192
2079
2910
973
366
1490
2274
279
3219
39
6582
3758
383
23
3905
12010
945
5405
41369
115
3102
1292
1387
918
13767
18170
5591
1
181
4335
3108
2713
1323
10915
262
140
789
64616
1093
50008
1031
6875
10171
5523
1693
119
196
1
609
231
3411
2180
1789
3104
7
1182
335
929
461
8502
15930
2015
4978
193
8563
837
1673
725
4075
7032
903
667
11634
2824
8033
3137
8106
425
5468
193
32266
294
2
3592
335
1880
10826
13438
973
5167
741
18541
9167
5439
634
131
529
2391
16649
1220
4933
1888
183
2111
475
1394
33
165
28057
342
4036
783
1499
1098
1194
797
8623
2650
785
4062
15080
12567
4511
1567
5046
3790
2385
190
5019
581
4347
1741
650
2656
35
394
803
7307
16
8649
4434
14534
52
1693
3121
147
3293
7847
1030
11731
7831
1492
15935
892
8434
1098
394
16184
1850
1064
49
924
6496
11874
2101
147
587
874
7971
64
7164
235
2589
937
11101
5809
3167
11
33
16
315
32469
120
14
2010
112
61
1788
12
10545
8179
166
1374
5854
2050
13012
361
108
5502
56
2722
1
3233
1116
8067
1330
8030
7386
4261
16316
2121
532
37946
527
9042
5472
3086
6291
1820
6008
61
6878
6464
1
711
4574
2024
4289
1828
1569
518
3210
12159
275
5072
6302
42
7797
9180
5078
7572
6558
451
3838
312
229
4613
10520
2787
1842
4518
9587
259
1542
2249
274
2062
4465
61
39
2393
12310
2502
354
3835
560
5652
2739
10209
5565
7787
4502
808
4721
4852
59
2057
74
22204
205
10470
727
12900
2310
272
503
21
4379
526
455
577
1161
117
435
9836
745
526
991
2812
6142
3640
636
492
712
16
940
8139
1152
2757
354
101
75
1818
39
6245
93
1312
8785
620
81
1973
335
9
2354
137
27
92503
7
87
2063
2015
888
10034
82
356
264
1655
9
35027
16656
5216
2773
862
374
89
141
8108
88
3139
1683
1931
3908
14
607
21
5045
8056
6785
97
1973
402
534
4552
6644
2115
18045
582
850
51
6623
2780
134
418
20819
2410
8
3761
67
5058
855
2324
613
7136
21452
10137
64
1718
3814
2256
23
64
60
2745
451
955
228
1092
3
6071
358
600
3559
1486
1152
975
4
195
5011
321
1755
9181
6211
640
9362
533
33
4498
1009
6946
12087
7675
277
3387
2373
539
2913
4154
893
684
3792
118
81
6767
2179
2908
4754
4065
2858
1882
425
12354
11997
696
2593
9314
4022
2811
14279
417
1
1291
3671
294
838
443
457
2
745
434
3380
2721
60
3545
871
371
80
1003
198
4772
1218
6679
74
3459
2010
3693
4064
462
1757
95
577
4609
93
921
9332
1840
4
1785
14631
2667
73
218
20
274
2236
4032
108
2000
389
27
2
5515
40
1074
1265
6652
904
39
408
67
8
156
41
8
868
5794
123
6896
3497
1012
2159
370
526
214
5810
4544
9048
6404
27
4539
280
6112
812
3104
1718
309
1857
2335
1564
2199
4297
1308
1718
707
2521
2719
3251
4591
818
9039
479
237
11
1706
2543
13
295
1528
5199
200
405
5612
212
12926
10360
95
3123
288
5417
41756
7478
471
2589
17865
1904
85
21459
2956
1728
58
14348
4476
15776
8505
3305
498
1769
200
27042
8706
170
33
12313
1731
169
678
1207
929
7086
408
841
440
604
1
8732
3154
23
1487
688
2551
12902
5
1416
1452
1053
35966
1648
535
514
165
20573
949
37010
2277
4391
2846
4399
4066
314
4120
622
1391
3107
78
131
132
390
3190
2233
17604
174
6599
1428
647
2687
61
761
4678
1831
4370
22742
3551
3210
5456
3350
1260
313
1723
4089
1671
3728
9317
5042
1981
666
1813
29
621
1231
4865
4775
3668
17345
2194
1241
3715
2144
5863
760
1309
833
13741
951
16375
3566
422
2902
2127
5422
1582
3385
2690
1866
5228
19051
19874
8876
1605
1808
68
334
6248
104
1195
3493
1569
1150
2128
8885
1122
2000
22580
4518
106
1623
5216
46
1466
2208
569
305
56
932
34469
29805
648
2
27243
636
1017
11654
1524
725
88
7121
33
9
475
330
75
670
14975
9813
7025
4337
6790
3670
1900
7164
18026
249
8763
105
11582
6961
11
6755
13363
6106
4110
1
5724
902
2758
155
2850
3565
436
6390
2476
214
413
210
181
8575
5419
89
8002
2290
15924
584
1774
4841
30
2708
209
116
303
11392
521
18255
31
3491
20
3410
1365
1305
749
29
4528
84276
273
699
2636
136
2517
245
687
4088
7508
37
310
2
431
543
3252
2238
1297
1589
3843
1096
12130
345
2972
1856
4215
2843
2215
125
2068
2285
3632
1019
264
2005
66
305
111
4496
8347
25039
535
4186
624
3
36
6095
12
1974
219
1184
730
429
1922
1054
603
80536
1250
19705
1405
17166
3166
3479
18260
1948
9965
8930
11
10641
5019
1615
522
121
2169
2401
2605
14245
1473
618
1163
493
1623
152
6160
74
278
274
740
441
674
745
7148
544
59
49772
9897
3491
2950
155
6898
12782
10945
2070
2363
1307
82
3709
6318
2296
4348
20
334
643
1404
2651
1324
1754
349
3672
10034
275
7695
1099
143
515
344
923
21112
13157
821
2107
449
1044
7975
9118
1614
1105
662
820
63
399
14142
1629
1901
2338
6060
7887
111
2359
1420
372
858
316
231
6
56
834
4
1663
427
22391
1356
140
9740
15458
116
3678
2218
18316
2075
45
3128
5955
7022
1550
1411
334
14239
9479
3984
10963
2091
1625
12248
1
148
60
1047
2359
16
2901
24
528
963
32164
1571
383
1962
1565
4388
1483
1005
68
1337
402
6174
64
157
1051
451
981
6121
12
1022
88
30
1128
1170
4952
8606
6517
2670
2203
6
10575
2295
259
120
4264
429
5635
11887
5251
17338
7799
3925
1407
363
1003
4711
163
4253
2359
688
2208
1771
5088
2
177
2031
171
7132
6845
3
4856
868
5493
2001
5258
5544
11746
1975
433
3187
516
941
29201
294
1287
1509
2486
800
2152
6585
609
1283
4203
9539
36080
3793
2204
3974
2335
9415
2619
36281
3384
12046
2968
3698
758
233
1693
885
2306
294
1117
6356
1211
1704
1411
138
253
841
197
2231
153
3425
398
862
89
3208
65
6239
56
179
20
6859
144
28229
656
51625
1845
58
217
2714
13668
2263
3823
46310
6663
7863
5826
7255
5159
1260
7
3341
1094
9274
811
1039
5690
1673
14287
411
1152
711
25
6783
1746
222
390
62
4221
448
5760
138
3843
1375
636
714
622
858
5024
5152
137
3087
2833
866
1951
6015
12165
13087
1874
28493
1318
769
1051
664
603
1316
129
1217
265
1962
1054
16478
514
3520
1362
1629
1516
7478
6716
2039
19627
4687
650
711
10694
1609
1936
7168
2729
190
1863
720
2950
1441
3492
76
2
116
4027
909
4578
1
8600
35
17
7523
11322
1179
3837
8451
6956
807
1005
5795
1819
3640
259
1373
522
577
1282
7538
1763
532
806
1231
1456
112
627
613
2832
5651
2854
3487
31
376
2430
25
6927
336
3478
203
147
386
329
7
41
6451
27061
25
9749
1542
2943
7342
64
4728
434
19545
622
102
228
18663
79
755
205
335
13085
180
3558
12267
12683
11520
2111
2037
927
12332
3175
5304
6898
1187
617
768
38976
6227
281
362
2258
3017
6993
11200
8200
1147
10
3
22
3560
4
7588
878
1169
1275
691
6214
10395
126
5673
1656
7008
4699
25047
5462
1
271
2614
2726
170
7182
4665
4755
170
1973
9748
623
1972
2189
2254
688
34
17
1544
24
561
48
1975
15932
8124
662
32
127
438
1070
13
672
961
117
233
44
584
356
99
395
6724
4992
4250
2291
1416
2900
1348
1397
3901
311
1201
5
817
6077
1121
25445
201
149
354
128
1444
674
439
2690
152
610
947
1958
837
1054
291
2355
13
1816
18008
3858
10222
2675
179
10830
1525
108
3717
2383
3129
3272
1320
2662
551
2499
24223
1971
1695
22
1418
667
2238
1010
184
1872
560
566
290
2323
1438
5
114
193
178
253
295
187
6
78
3102
2034
680
1901
2166
1589
10035
3115
2827
6826
6057
6121
45194
152
13253
9045
1434
4586
10880
3840
62
474
3839
103
63713
3188
174
331
111
11
2876
125
53
6933
3457
5422
716
111
74879
2455
499
359
1518
204
835
1947
1839
3629
2169
79
20192
6174
662
4724
9354
63
8414
30260
96
1484
1430
605
445
757
629
5517
1412
3404
1307
357
1137
607
579
2215
4428
83
4411
1669
31359
1418
640
353
854
231
990
4166
9
193
24204
83
3022
2019
1674
1169
3797
1864
4882
3361
8177
83
184
125
50
58
9786
7022
6
73
1298
36
125
890
5521
17
998
300
176
73
890
598
4108
1330
1407
22508
3225
1503
4311
40
11400
644
2548
249
4485
3
2230
3283
5869
7325
3533
7752
6988
1530
5497
34871
661
14
7189
3836
1684
271
5428
127
4172
5662
10887
5253
4213
2243
325
5108
1566
13193
358
4186
114
266
61
669
18
17
47668
7572
525
1750
4696
1005
10125
1731
64
237
381
653
3184
7933
329
190
9708
235
300
20
437
426
312
2407
1785
39
9318
717
2526
1196
5632
56
565
829
5122
990
533
2020
8046
2444
195
7
106
76
1088
299
399
259
3451
7466
595
32
2803
8
29
6
120
789
2317
61
1418
90
231
139
245
196
346
25
866
3
118
124
2216
1014
156
506
282
1764
4120
2257
1781
8110
30209
15054
1
481
1086
32053
694
2311
987
238
78842
4100
2687
2399
130
1910
13713
5868
186
8637
8016
732
2416
471
7437
1611
1151
12
4301
6906
933
62212
3839
9104
6338
351
20
22906
205
2
6777
695
110
1368
598
1719
2009
1753
372
433
171
343
2210
3001
403
803
5492
7
179
7789
7842
86
29343
141
10740
41
6153
828
7673
31181
185
1374
330
1627
905
258
200
1400
20513
1379
1676
781
642
9477
1799
8982
1114
157
143
460
808
6
446
45
1814
1
7413
110
1486
471
628
109
6532
29
769
20
8037
1867
5329
7898
3461
530
1434
22
5676
5319
8223
1665
10317
175
159
50
109
170
3192
145
47
4
1379
72
1613
4795
1734
664
2412
7543
1002
542
16630
323
544
1663
1323
15
261
6413
1734
317
72750
7245
4249
1185
534
1623
3084
1250
2545
4268
58227
35
2361
2113
3151
4076
993
591
9
5310
305
265
105573
169
149
67
3766
712
156
501
6175
253
2653
1364
1290
753
1160
8483
1521
638
2784
672
1223
3118
841
6167
631
454
4098
4067
1066
2056
3891
3913
849
28
3582
359
8732
2141
2374
995
108
195
121
787
311
26
281
22
645
10
1509
19
2409
207
3321
3
323
4509
186
13974
2530
2824
2964
7062
2479
756
20
751
163
7406
1744
13087
131
4119
72
3898
9106
8
149
137
257
4075
93
1801
69
44
143
13628
3193
170
3696
61
2308
18
5550
8457
1617
678
695
557
606
2792
1482
5495
1633
8097
1394
5768
3224
5837
336
25613
17158
5611
3033
696
26
1662
836
5921
1050
255
2343
1865
7391
2219
1157
641
3101
134
655
9346
24
2268
3131
2210
2340
346
943
5999
969
10572
2124
93
1250
2117
41
927
2632
188
4299
735
2173
1397
21
457
1470
512
58
63
8090
14201
4509
1075
10482
2248
117
4035
644
1319
1585
25104
1621
8111
1552
783
558
861
3149
329
666
58
1157
452
6585
16841
222
1398
1030
155
79
337
6069
534
10196
7
1762
628
49
55
21019
170
273
9087
180
111
486
6754
447
535
6053
80
290
1101
54
107
1237
8350
12
705
192
7
1120
33
6282
1801
20660
6050
440
810
936
189
269
311
269
24
3194
2046
8773
469
977
270
656
1717
13356
1273
185
2601
3999
620
575
414
5986
311
6987
393
326
920
10
613
208
18376
215
708
245
419
152
1344
25676
759
1107
273
124
2674
10106
3151
121
1089
3970
1947
209
992
946
3874
41
171
916
441
427
1037
4964
2356
4076
5102
8107
4233
3060
3388
1061
4
23
613
2562
449
5249
309
3915
5157
7079
3779
1059
1053
895
542
1364
471
956
273
1447
3502
466
147
1959
1615
3850
33
2334
849
1601
723
1340
553
624
1228
1329
230
216
3429
185
172
444
178
3281
1551
22
107
37
9
13495
53
2447
1246
724
4267
179
7207
442
40
8888
439
463
8304
1946
8078
10243
527
770
306
316
5442
488
161
2981
12951
190
25560
454
168
666
3141
279
18
695
1488
3012
4
38
11
13175
3486
125
83
5072
7
89
2682
3977
1928
1
77
36
371
35
1017
20
180
914
662
535
45
25
13
253
139
17714
18491
114
203
111
365
4
508
237
2928
2903
32
83
41
19
8797
5791
351
2
240
1174
142
5
375
611
100
73
1424
21
3308
927
1065
273
271
384
3358
666
59
658
8174
446
127
184
1518
353
224
273
312
652
70
156
4807
10
307
253
120
302
11
5205
190
3890
2402
9196
8
1844
221
2760
64
4969
3186
8
8890
442
7579
306
56
14
93
161
3880
5032
97
13162
419
2841
9026
181
77
16
499
1887
1373
2
144
96
1738
573
1407
50696
143
171
9
105
704
161
476
115
199
7799
200
114
861
193
198
2251
18
89
262
43
106
107
687
44
321
1300
800
5726
105
249
3404
17
38487
70
158
89
314
229
80
42737
26626
107
306
305
819
663
1396
194
31709
2435
18826
348
2011
3366
338
6
415
363
293
9673
60
1289
213
499
1130
182
11
84
4429
375
326
287
4360
3038
81
42
441
4216
219
199
17
250
1370
151
1701
30
40096
329
2024
196
255
93
173
3682
27
199
546
28
23500
78
509
82
2757
65
198
170
75
31
239
753
2789
32
357
2862
68
131
3883
275
2277
92
13
183
386
556
128
45
920
25
203
5
5443
53
2798
1538
27
42
321
5342
1142
6359
27
57
7
7609
51
66
329
318
2159
69
1201
1733
40
607
308
670
100
1296
2248
3006
75
149
1628
580
189
4827
214
11377
488
60
3067
163
69
553
195
11
990
187
234
847
15810
2209
3027
24894
1245
433
50203
19444
1812
21830
567
141
1340
34903
382
4162
761
8563
5386
6022
17288
13586
1723
1051
5362
7383
3807
3586
10431
192
14499
802
27
826
4183
3192
2045
20421
183
9436
11495
10245
2380
10
51
398
3280
26122
4436
1401
2182
2247
1263
1045
790
9368
443
640
2650
8146
1325
196
798
333
975
25292
57530
1648
1137
3505
14896
16969
9
4777
14533
3776
3271
13448
1176
948
45
8753
3108
2427
13589
2945
2376
602
8612
3497
8130
1571
2310
6962
1147
1184
4887
7247
5965
707
800
9888
807
2026
105986
1441
3086
5161
7480
1018
2030
691
16282
5453
352
151
1410
370
7285
14244
850
182
925
122
6177
1983
36472
3922
8938
3338
339
810
412
274
896
1892
10347
5314
23259
666
23283
2721
8
18477
5593
270
451
10311
11311
24089
482
9462
5271
599
5444
346
2353
19834
1257
116
55952
2014
4393
2757
520
15563
24
37006
29
146
10
1745
859
2763
839
233
495
2582
857
739
33
776
1566
3099
209
1497
2242
180
2761
1250
317
334
21
724
806
196
2634
465
1168
583
410
2751
959
10662
6605
6166
510
8246
254
22294
249
1422
368
4355
393
2632
9758
2060
619
5460
2467
11155
8478
22380
2718
342
2194
660
10670
7834
3758
3283
931
4776
4250
1222
5889
2928
758
5429
641
1995
135
4169
6333
7031
14115
9024
682
1378
1502
101
1269
86
173
56
843
350
12
993
79
95
365
435
6485
137
1059
1246
36437
1216
6282
312
763
3038
561
92
8226
3487
1386
7769
6833
2655
361
1160
2442
1232
76
829
339
1412
805
2289
992
2276
10629
44
202
3259
73
118
734
275
1
794
1216
484
117
755
135
33721
87
9021
7458
2952
1068
58
11365
66496
4085
814
4242
23383
3168
4596
1408
7155
164
2032
11664
2
420
6394
15831
2136
6248
683
1018
1698
773
3644
1114
11259
145
1708
586
14646
908
12807
4057
6
5161
4219
1496
2168
3514
1925
8238
501
1565
5388
296
4831
1273
1371
505
5279
7546
5036
280
8062
10
4668
89
8406
39
425
125
1047
133
14077
1480
1908
1883
4332
149
2169
140
5423
1676
604
76830
713
103
932
1560
10563
524
1754
1798
897
5879
8711
2947
1331
2082
239
538
287
12106
222
5980
1592
172
1103
3881
5147
55883
11398
4814
2510
71
81
22
3794
464
51
3855
132
4362
2586
490
2276
10
5405
1608
6954
20717
768
1099
126
411
65
790
11863
833
554
10031
55
380
383
1160
5424
61
18
1330
5591
1129
2768
5149
8698
6778
2761
174
411
3205
1781
17
806
2741
2871
18214
2045
6643
727
28
367
1145
544
16179
47
3729
348
1084
4978
2233
8096
9150
1679
3706
589
666
4254
5147
7770
973
19151
13
28926
1979
26637
4305
138
6884
2762
2769
4008
1388
66
485
92
281
8300
17641
1250
19
1765
193
1084
959
8348
1932
365
8882
444
501
3863
381
6362
6973
155
4145
12150
982
1667
1354
1467
981
1017
170
6450
10456
3028
40245
529
1029
1397
507
25702
2947
9502
2109
1880
2804
1059
4216
5852
1115
170
2415
2372
2413
107
722
5150
1241
129
3614
1664
4343
10992
1701
18801
1876
4695
1106
12
3280
350
1183
440
3386
4448
1999
79
356
7217
735
22
1488
747
511
134
837
493
13856
15543
498
1959
552
575
8677
2385
171
3812
478
1042
932
311
7087
449
19
986
1558
3
1039
4315
23697
222
497
5333
1963
633
4306
25812
529
352
1086
72
2840
29
28856
146
166
85
410
19180
931
201
411
13212
14135
686
6240
15983
5057
3470
606
1222
2768
357
3046
692
2054
876
2794
2573
18735
11
173
7595
10958
1047
1383
8031
4646
6443
1804
5543
392
1923
20
2297
1953
4063
1866
5802
7397
6827
1172
4367
7513
606
117
11243
1184
3712
2313
127
5136
8538
4440
110
184
9821
3273
338
358
499
506
399
1788
546
513
1099
331
636
3760
1325
208
175
1397
18
636
183
51
8812
201
3179
1882
28
589
101
312
5012
721
741
5191
15316
2944
559
8830
3430
383
5123
315
81
874
276
2644
3037
1106
11180
639
210
1287
77
193
1407
1037
684
3242
2150
575
6222
3490
2746
19
4557
38
1932
10625
2458
556
742
696
2874
1176
2039
22
61
7653
3
408
1080
827
674
174
498
598
2224
1221
2851
117
1773
5785
1706
652
1975
739
345
1275
1137
137
935
273
8266
9859
502
1106
10890
2950
3462
2801
7331
913
2792
2114
546
1565
32
572
7464
1080
57
4154
1157
5092
260
12332
2104
8137
3499
48
5654
4269
982
1387
4534
5390
250
7561
1261
142
4821
3727
3981
12912
2823
221
10809
12393
745
2788
2032
4345
402
1032
6113
1894
5
678
31
4283
384
1409
225
411
215
422
994
2420
5041
12296
6628
217
9479
3
3130
11671
857
406
163
1217
6481
1862
2280
1239
911
824
2335
774
8660
75
298
1072
281
618
17052
425
24
100
3013
225
1064
416
265
602
10
820
1448
584
2227
50
663
274
5419
4563
332
2097
411
2714
672
2078
1064
1444
764
1721
4011
269
259
126
1596
1767
585
839
107
8846
596
6870
1666
231
2
991
2232
1853
3497
2110
407
789
87
157
3202
151
95
35
1578
1595
5544
719
60
4683
340
273
218
2040
3
6590
6894
1360
5388
2739
4649
3594
6561
326
18138
34
5491
823
455
263
2922
3389
5390
123
443
392
830
3802
1921
1728
5122
213
51
643
2531
16146
4249
10277
898
110
6022
1939
980
2538
82
526
2595
193
25
428
2350
7434
641
864
121
126
9071
41
3737
668
200
92
640
271
934
365
206
233
19079
821
1700
1299
2256
29535
801
1509
147
71
413
322
7751
1427
766
446
329
357
130
2672
432
1140
716
27832
2307
27822
1423
565
3459
1175
409
32246
625
913
6322
13850
719
309
305
1659
236
690
238
660
2
61
64260
1034
129
3391
1576
946
131
1617
746
5666
2422
38739
1226
4778
3239
881
3483
1123
1172
1051
858
1075
25
142
489
2833
147
1807
447
516
17
651
1679
2597
940
2080
1
2263
254
372
707
2564
82178
67
22609
1282
1156
6188
2067
92
441
2270
538
2096
565
1347
1231
219
8819
223
2374
458
627
8127
2375
1293
2894
461
3376
1118
751
13177
991
19
200
967
434
212
8
158
2871
1354
597
11
29
483
1708
792
5
25
182
38
4923
80
220
21119
52
343
666
723
2022
416
795
7704
8314
1008
190
229
11508
243
525
13780
14
36
1029
14
3
1029
89
2957
884
2363
3314
45
56
159
95
251
288
61
318
2812
206
360
844
5
1219
185
5
1
130
878
8
7500
28
93
39
1483
22
149
33
916
125
4
438
118
36
887
259
9247
328
128
24924
10090
6554
969
971
16
1144
1025
535
54613
85
3368
9684
886
290
1363
308
282
574
45
291
59
443
1293
881
1005
149
713
202
327
351
980
288
8930
159
984
201
8
1898
9
2376
408
2248
5
4316
1342
1928
7
2012
2519
15
2
482
476
409
580
1706
13999
118
2430
65
66
18374
6
165
2383
373
425
61
17
219
580
221
14681
346
155
11173
104
963
84
100
128
252
290
144
384
15245
72
64
1022
3790
399
73
15
3056
1353
59
72
249
1408
19
3288
713
306
1203
1252
580
1139
243
6012
2359
189
3295
643
160
6
1048
396
2038
20
4212
918
4672
46
2726
799
626
471
25548
6440
1780
264
667
2939
313
560
43
1404
16
19
115
332
15
1447
132
1150
4
7321
5662
280
30
15945
11470
750
1839
1202
5253
731
34444
1759
3058
50
2235
1746
1182
22132
111
1252
627
2514
47
717
395
1289
3786
522
2122
1252
444
649
13319
397
4
1200
491
542
207
114
217
22
11108
363
550
1165
6987
179
477
542
26903
3550
814
353
11116
5
2672
23940
5677
1983
1261
1936
236
155
493
123
937
10140
777
110
4650
103
1302
652
1405
614
246
1787
26
207
1309
5495
2643
253
640
1630
738
1044
1771
1112
168
167
228
44
508
226
3526
1459
11526
5921
244
282
14698
616
2994
338
1160
185
519
275
720
12559
469
45
1958
2550
65
645
552
1
3618
202
358
59
302
84
3210
10
16386
127
164
8
239
16
1382
1207
609
6790
62
2740
1263
962
1174
2796
6715
691
540
1024
1094
1560
3708
347
816
8009
2254
624
42
1876
344
578
5037
1370
14334
1229
492
179
328
32
6
230
1976
136
784
111
2050
314
865
109
7209
358
41
41057
851
890
641
664
179
904
8
66
44
656
783
93
966
651
20
1
858
965
445
1563
359
182
19976
312
1184
1484
107
3967
244
477
11029
631
700
4811
1855
2858
169
349
570
1971
164
89
746
1
642
6718
4384
282
3827
379
9235
15329
1631
433
242
52
414
3454
1302
494
65
2078
1726
2312
3488
453
4590
819
947
5428
9317
1105
33
2603
688
6
4821
3830
2064
1011
551
410
3664
9
53304
625
1452
159
83
108
2828
5185
1850
3691
1731
4524
8891
910
715
978
4899
3364
955
67
18881
3230
848
14022
303
4791
4433
485
3122
2069
48
1013
675
5455
3475
245
576
2442
1048
634
591
250
29
662
189
4110
198
882
116
11
3044
2851
683
189
745
1682
1084
808
870
1115
990
1820
2570
1645
2143
2286
178
3383
3302
19130
1774
5437
17
961
6530
626
92
614
1
886
10
234
2633
252
34
1425
11
5865
253
3811
2906
2666
2035
2357
531
1112
15214
5207
5120
6979
1
279
3343
1727
4425
170
445
505
2466
21
337
95
39800
242
100
4519
248
2829
2544
109
3007
531
4494
2369
197
606
8281
1297
305
57
3043
3572
49
305
5192
2624
102
402
986
592
2427
690
78
81
2166
1469
1304
916
9420
861
200
1539
19563
2615
10877
478
140
86
137
1878
1909
6730
1498
43
13
951
890
30
7
42
22
11
623
792
190
5345
237
686
1009
983
1987
262
829
4244
124
2201
1363
3465
1586
548
821
354
459
1
1105
2740
461
1926
167
51
1200
960
376
6414
441
651
730
1247
6582
1833
1216
5716
2980
2406
3168
1195
121
7
1952
92
2371
43
896
83
3570
635
365
6002
1614
4735
2221
1262
452
19860
550
3602
612
529
480
223
729
18
273
21358
556
13806
186
150
1247
889
4171
113
93
3898
109
107
795
34
616
300
621
406
2028
1880
3
554
4604
1900
535
1142
1476
28374
249
112
139
1312
49
3196
371
1883
17176
5451
6626
383
248
422
5214
25496
5294
1190
1334
9928
6114
615
598
2942
3481
12882
2754
5963
320
434
531
1199
6818
124
339389
1784
1702
5130
496
63
147
12
77
370
1191
2368
1412
597
109
620
1806
95
497
810
55
656
34
83
725
1172
3828
1066
176
17
15
147
287
35
171
71
6850
195
8665
39
587
28
1831
23
126
4826
25312
14
67
14061
3413
612
592
2049
1611
161
236
761
1
614
873
3352
1
3192
5273
689
76
2167
343
881
1910
369
318
195
81
318
13455
155
6
6665
1206
3399
356
402
3420
328
4561
505
5387
23029
851
844
1139
2561
470
1077
1720
5937
975
677
178
3386
5494
2866
724
14948
2287
4525
1337
1390
2858
2238
4782
104
6
18915
41
225
327
896
796
3814
14
200
178
9020
1140
1911
5236
36
1109
890
424
8428
48
7044
16962
1711
712
118
653
260
17193
577
1369
61
1357
955
3680
111
326
787
622
3896
95
458
1375
404
478
14126
1827
16306
5607
1112
79
1296
361
381
26
443
198
7073
358
1482
295
827
1129
110
1640
362
1327
87
2329
1169
5952
290
306
59
1054
5510
163
9936
15723
1787
1356
2009
1091
21126 gggg
6151 running candidates filter_operation 20730	0	0
sss
